311 3487 1
2736 3487 1
3168 3606 1
87 281 1
2273 2459 1
2699 2740 1
6 3066 1
6 3810 1
3066 590 1
3457 654 1
1139 3457 1
1139 3810 1
1974 1139 1
2226 1139 1
1139 3612 1
1974 3066 1
2226 3066 1
3066 3810 1
3457 3810 1
3634 3810 1
2301 2063 1
2063 3187 1
2063 4217 1
2582 3187 1
3801 2582 1
4217 3187 1
3801 4217 1
413 1251 1
413 2573 1
413 3308 1
413 2890 1
1373 539 1
2016 539 1
1235 1944 1
1251 2016 1
1251 3558 1
1345 3912 1
1373 2016 1
2016 2151 1
2016 3308 1
3558 2151 1
2573 3294 1
3558 2573 1
2573 2594 1
2890 2594 1
2594 2965 1
2890 3558 1
3558 2965 1
3308 3294 1
3558 3308 1
634 1228 1
1344 2597 1
1344 3614 1
3614 2597 1
2870 346 1
690 1684 1
3691 780 1
780 4305 1
2380 780 1
4158 980 1
1684 2180 1
2346 4158 1
2870 2380 1
2380 4158 1
2870 3536 1
2870 3793 1
2870 3691 1
3536 4158 1
4158 4305 1
1001 2505 1
1865 2733 1
18 2079 1
18 4010 1
101 667 1
190 470 1
2003 374 1
470 1807 1
470 2212 1
1605 470 1
497 818 1
540 2212 1
899 547 1
667 727 1
667 2060 1
714 1243 1
794 4264 1
794 1919 1
4330 794 1
1122 1728 1
1122 2036 1
3122 1204 1
1204 1431 1
1204 3625 1
1363 1240 1
1240 4188 1
1362 4264 1
1362 1728 1
3135 1362 1
1362 1919 1
1362 2036 1
1363 3625 1
4236 1363 1
1431 3625 1
1728 4010 1
1728 4129 1
1728 2446 1
1807 2212 1
1837 1913 1
1919 2446 1
2067 2212 1
2079 4264 1
3135 2079 1
4330 2079 1
2177 2661 1
2177 2786 1
4010 4264 1
4129 4010 1
636 2812 1
1709 3246 1
3275 3526 1
246 2458 1
2617 286 1
2766 286 1
4032 286 1
412 1573 1
412 1636 1
446 1636 1
446 2458 1
446 3394 1
945 446 1
3786 446 1
4023 446 1
945 495 1
495 3908 1
495 3394 1
665 3767 1
760 1187 1
945 3908 1
945 3786 1
945 4023 1
1857 1187 1
3747 1187 1
1573 1636 1
1602 2617 1
2095 1636 1
2373 1636 1
3394 1636 1
3908 1636 1
1936 3421 1
3109 2181 1
2373 3908 1
2373 4023 1
2617 2972 1
4032 2862 1
2972 4032 1
3432 3000 1
3786 4023 1
3522 140 1
2061 241 1
1632 414 1
2133 414 1
2707 414 1
3265 414 1
438 1909 1
797 718 1
797 2833 1
2859 1137 1
1632 2133 1
1632 2707 1
1632 3265 1
2256 1737 1
2635 1737 1
4170 1737 1
2133 2707 1
2133 3265 1
2256 2635 1
2256 4170 1
2635 4170 1
2707 3265 1
2888 3735 1
4259 3419 1
4150 922 1
1868 4017 1
4150 1971 1
1986 4088 1
3005 3532 1
3848 4084 1
315 4015 1
156 4100 1
261 295 1
902 4013 1
1046 1835 1
2298 1622 1
1707 4100 1
1906 4220 1
2031 2023 1
2130 3141 1
2130 4190 1
2345 3529 1
2345 4220 1
2711 3950 1
2768 2839 1
3141 4190 1
3455 3975 1
4220 3529 1
3814 4233 1
485 849 1
485 3378 1
534 2686 1
849 2686 1
849 3379 1
1717 2686 1
1717 3170 1
2662 2686 1
3170 2686 1
3282 2686 1
3296 2686 1
3378 2686 1
3379 2686 1
3610 2686 1
3744 2686 1
4024 2686 1
3282 4024 1
3296 3378 1
3610 3744 1
2666 423 1
2666 432 1
1954 49 1
3960 187 1
929 1125 1
929 3323 1
1012 1954 1
1055 1367 1
1109 2170 1
1109 4278 1
1125 3323 1
1367 1285 1
2074 3362 1
2170 4278 1
321 3898 1
1396 3815 1
1496 3815 1
753 2875 1
935 1973 1
2456 1004 1
1004 3186 1
2371 2456 1
1456 1917 1
1701 1788 1
199 2526 1
2612 3964 1
1255 1469 1
25 2101 1
25 3293 1
3293 2101 1
3354 3513 1
255 2590 1
4115 2590 1
604 1416 1
3496 3773 1
3715 3807 1
224 973 1
224 2678 1
2678 973 1
2842 973 1
4001 973 1
2402 4002 1
2330 2091 1
1015 4249 1
1360 2999 1
3077 1758 1
2248 3757 1
3278 2540 1
2578 1016 1
2815 1016 1
3169 1016 1
1369 4119 1
3503 1572 1
2497 2297 1
2377 1461 1
1590 3921 1
2193 2024 1
406 3166 1
406 4141 1
406 1453 1
598 2205 1
846 2394 1
846 3730 1
846 4141 1
1023 1093 1
1287 3726 1
1324 4141 1
1324 3902 1
1324 3167 1
1453 3166 1
1453 4141 1
1802 1863 1
2394 3730 1
2394 4141 1
3166 4141 1
3167 3902 1
3167 4141 1
3730 4141 1
3902 4141 1
993 2853 1
1025 4313 1
1033 3137 1
1033 4101 1
3762 4173 1
112 694 1
3383 625 1
3028 2607 1
3028 4238 1
4061 500 1
1064 3417 1
523 1685 1
3743 3796 1
464 2440 1
957 2440 1
957 2648 1
2440 2648 1
2838 1052 1
3439 1052 1
2689 1673 1
3533 1673 1
2184 2066 1
3590 2066 1
3952 2066 1
4148 2066 1
2184 4148 1
2407 2231 1
2568 2231 1
2299 2611 1
2407 2568 1
3590 3952 1
3820 369 1
961 3401 1
2602 3705 1
2532 2000 1
3559 2000 1
3306 4006 1
3133 3724 1
675 2272 1
1976 675 1
1290 3117 1
1290 3437 1
3117 3437 1
3117 3324 1
905 2102 1
3696 2102 1
2328 3314 1
751 3933 1
3100 1892 1
1892 3933 1
1746 3045 1
1579 3507 1
1773 3507 1
2899 2357 1
2937 2357 1
4242 2357 1
323 2239 1
2078 242 1
3942 1080 1
4296 1080 1
3340 1670 1
3942 4296 1
84 876 1
57 2823 1
3090 3753 1
3483 2574 1
226 4183 1
652 824 1
717 3462 1
811 2221 1
1220 3687 1
1776 2131 1
1776 3016 1
2131 3016 1
2817 3930 1
3174 2841 1
719 2090 1
3134 2090 1
3573 2090 1
3134 3573 1
2058 395 1
853 3195 1
2222 1558 1
4066 1325 1
35 4059 1
2348 1856 1
3911 1856 1
2348 3911 1
158 1819 1
158 1911 1
158 3915 1
868 1738 1
1819 3915 1
342 1767 1
342 2709 1
342 3528 1
2709 567 1
3528 567 1
1767 2709 1
2709 3528 1
3002 298 1
649 3002 1
649 4157 1
3845 695 1
695 4224 1
2265 3418 1
1428 1498 1
8 1026 1
1582 98 1
177 1399 1
177 3303 1
575 2956 1
2939 1026 1
3706 1348 1
1399 3303 1
1582 3706 1
2956 2292 1
2478 3563 1
3482 4314 1
525 3237 1
759 2555 1
759 3237 1
977 2555 1
1813 2413 1
2450 1813 1
2770 1813 1
2450 2770 1
2555 3237 1
2604 3949 1
2604 4042 1
3949 4042 1
411 3737 1
1569 3577 1
1858 3286 1
3737 3257 1
3577 3737 1
36 4243 1
1037 1256 1
1037 2375 1
1037 4243 1
2359 1256 1
1256 2375 1
1256 4243 1
2375 4243 1
1438 294 1
294 3553 1
301 2323 1
301 3343 1
2013 1101 1
1101 3056 1
1101 3400 1
1438 1433 1
1433 3056 1
1433 4229 1
1438 1458 1
1438 2013 1
1438 3553 1
2013 1458 1
1458 4229 1
2013 3056 1
2013 3617 1
3056 4229 1
3553 3617 1
4196 13 1
2021 3772 1
3203 2188 1
3772 2188 1
3193 3377 1
3203 3772 1
943 2191 1
2634 1180 1
3338 1180 1
2111 2634 1
