2848 3107 2
3107 3690 2
6 3457 2
6 1139 2
1974 6 2
2226 6 2
6 3066 1
6 3634 2
6 3810 1
6 590 2
1974 590 2
2226 590 2
3066 590 1
590 3810 2
3457 654 1
654 1139 2
654 3612 2
654 3810 2
1974 1139 1
2226 1139 1
1139 3066 2
1139 3457 1
1139 3612 1
1139 3634 2
1139 3810 1
3375 1382 2
2226 1974 2
1974 3066 1
1974 3457 2
1974 3612 2
1974 3810 2
2226 3066 1
2226 3457 2
2226 3612 2
2226 3810 2
3066 3457 2
3066 3634 2
3066 3810 1
3612 3457 2
3457 3634 2
3457 3810 1
3612 3810 2
3634 3810 1
82 2594 2
82 2965 2
413 1251 1
413 2016 2
413 3308 1
413 2573 1
413 2594 2
413 2890 1
413 3294 2
413 3558 2
1251 539 2
1373 539 1
2016 539 1
2151 539 2
3308 539 2
1235 1944 1
1251 1373 2
1251 2016 1
1251 2151 2
1251 3308 2
4267 1251 2
1251 2573 2
1251 2890 2
1251 2965 2
1251 3558 1
1373 2016 1
2151 1373 2
3308 1373 2
2016 2151 1
2016 3308 1
4267 2016 2
2016 3294 2
3558 2016 2
2151 3308 2
2151 2573 2
2890 2151 2
2151 2965 2
3558 2151 1
2573 2594 1
2890 2573 2
2573 2965 2
2573 3294 1
2573 3308 2
3558 2573 1
2890 2594 1
2594 2965 1
2594 3294 2
3558 2594 2
2890 2965 2
2890 3308 2
2890 3558 1
2965 3308 2
3558 2965 1
3308 3294 1
3558 3294 2
4267 3308 2
3558 3308 1
4267 3558 2
346 1735 2
346 2346 2
2870 346 1
3536 346 2
346 3691 2
2380 346 2
346 3793 2
2870 780 2
3691 780 1
780 4305 1
2380 780 1
4158 780 2
881 2353 2
980 2346 2
2380 980 2
3536 980 2
980 3793 2
4158 980 1
980 4305 2
1239 2332 2
1735 2353 2
3536 1735 2
2346 1735 2
3691 1735 2
1735 4305 2
2232 2353 2
3536 2346 2
2346 3691 2
2346 4305 2
2380 2346 2
2346 3793 2
2346 4158 1
2870 2380 1
3536 2380 2
2380 3793 2
2380 4158 1
2380 3691 2
2380 4305 2
2870 3536 1
2870 3691 1
2870 3793 1
2870 4158 2
3536 3691 2
3536 4305 2
3536 3793 2
3536 4158 1
3691 4305 2
3691 3793 2
4158 4305 1
470 18 2
18 1728 2
18 2079 1
3135 18 2
18 4010 1
18 4129 2
18 4264 2
4330 18 2
190 470 1
190 1605 2
190 1751 2
190 1913 2
190 540 2
190 1807 2
190 2212 2
899 190 2
2003 374 1
470 540 2
470 1807 1
470 2067 2
470 2079 2
470 2212 1
1605 470 1
497 818 1
540 1807 2
540 2067 2
540 2212 1
1751 540 2
899 547 1
714 1243 1
1837 737 2
4236 737 2
3625 737 2
794 1362 2
794 1919 1
794 2079 2
794 3625 2
794 4010 2
794 4264 1
4330 794 1
794 2446 2
844 3767 2
899 1751 2
899 1605 2
1122 1362 2
1122 1728 1
1122 2036 1
1122 4010 2
1122 4129 2
1122 2446 2
3122 1204 1
1204 1431 1
1204 1837 2
1204 3625 1
1363 1204 2
1363 1240 1
1240 3625 2
1240 4188 1
4236 1240 2
1362 1728 1
1362 1837 2
1362 1919 1
1362 2036 1
1362 2079 2
3135 1362 1
1362 4010 2
1362 4129 2
1362 4264 1
1362 2446 2
1605 1363 2
1363 1913 2
1363 3625 1
1363 4188 2
4236 1363 1
1363 4330 2
1363 1431 2
2067 1431 2
1431 1837 2
1431 3625 1
3122 1431 2
1605 1751 2
1605 4330 2
1605 1807 2
1605 2067 2
1605 2212 2
1728 1919 2
1728 2036 2
3135 1728 2
1728 4010 1
1728 4129 1
1728 4264 2
1728 2446 1
1751 1919 2
1751 2446 2
1751 2067 2
1751 2212 2
1807 2067 2
1807 2212 1
1837 3625 2
1837 1913 1
4236 1837 2
3122 1837 2
1913 4188 2
1919 2036 2
3135 1919 2
1919 4264 2
4330 1919 2
1919 2446 1
3135 2036 2
2036 4264 2
2067 2212 1
2067 2289 2
3135 2079 1
2079 4010 2
2079 4264 1
4330 2079 1
2289 2212 2
2212 4010 2
2212 4264 2
2446 4010 2
2446 4129 2
3122 3625 2
3135 4264 2
3135 4330 2
4236 3625 2
4129 4010 1
4010 4264 1
4129 4264 2
4330 4264 2
3275 3526 1
1199 216 2
246 446 2
246 2458 1
2949 246 2
4202 246 2
2617 286 1
2766 286 1
286 3000 2
4032 286 1
1602 286 2
286 2862 2
2972 286 2
373 1147 2
373 1803 2
412 2095 2
412 3908 2
412 446 2
412 1573 1
412 1636 1
412 2373 2
2885 412 2
412 3394 2
495 446 2
945 446 1
1573 446 2
446 1636 1
446 2095 2
2373 446 2
446 2458 1
446 3394 1
3786 446 1
446 3908 2
4023 446 1
945 495 1
495 3908 1
495 1636 2
495 2373 2
495 3394 1
495 3786 2
495 4023 2
665 2181 2
665 3109 2
665 3767 1
760 1187 1
760 1857 2
760 3747 2
945 3908 1
945 1636 2
945 2373 2
945 2458 2
945 3394 2
945 3786 1
945 4023 1
3097 1091 2
1857 1187 1
3747 1187 1
1199 3233 2
1215 3707 2
1573 1636 1
1573 2095 2
1573 2373 2
2885 1573 2
1573 3394 2
1573 3908 2
1602 2617 1
1602 2972 2
2095 1636 1
2373 1636 1
2458 1636 2
2885 1636 2
3394 1636 1
3786 1636 2
3908 1636 1
4023 1636 2
1657 3767 2
1857 3747 2
1936 3421 1
2095 3908 2
2095 2373 2
2885 2095 2
2095 3394 2
3109 2181 1
3767 2181 2
2373 3394 2
2373 3786 2
2373 3908 1
2373 4023 1
2458 3394 2
3786 2458 2
4023 2458 2
2617 2766 2
2617 4032 2
2617 2972 1
2766 3432 2
2766 4032 2
2972 2862 2
4032 2862 1
2949 4202 2
2972 4032 1
3432 3000 1
3109 3767 2
3786 3394 2
3908 3394 2
4023 3394 2
3786 3908 2
3786 4023 1
4023 3908 2
630 2557 2
630 3181 2
2557 3181 2
2888 1 2
111 2859 2
140 414 2
3522 140 1
140 3917 2
3917 241 2
2061 241 1
3522 414 2
3917 414 2
1632 414 1
2133 414 1
2707 414 1
3265 414 1
438 1909 1
718 792 2
718 2553 2
718 3735 2
797 718 1
718 2833 2
797 2833 1
2859 1137 1
1632 2133 1
1632 2707 1
1632 3265 1
2256 1737 1
2635 1737 1
4170 1737 1
1737 4200 2
3438 1744 2
1984 3163 2
1984 3560 2
2133 2707 1
2133 3265 1
2179 3163 2
2179 3560 2
2256 2635 1
2256 4170 1
1306 2433 2
2888 2553 2
3735 2553 2
2635 4170 1
2707 3265 1
2712 2897 2
2712 4142 2
2888 3735 1
3190 4078 2
4259 3419 1
813 3890 2
922 1971 2
4150 922 1
2086 1275 2
1868 4017 1
4084 1868 2
4150 1971 1
3532 1986 2
1986 4088 1
3005 4088 2
3005 3532 1
3848 4017 2
3848 4084 1
52 3709 2
52 3829 2
156 1707 2
3455 156 2
156 4100 1
261 295 1
295 3950 2
327 902 2
327 4013 2
902 4013 1
982 3116 2
1046 1835 1
4233 1254 2
1306 3245 2
1306 3529 2
4005 1375 2
2298 1622 1
1707 4100 1
1906 2345 2
1906 3529 2
1906 4220 1
4190 1977 2
1979 4260 2
2031 2023 1
2588 2072 2
2130 3141 1
2130 4190 1
2876 2197 2
2345 3529 1
2345 4220 1
2399 3370 2
2471 4099 2
2690 3529 2
2711 3950 1
2768 2839 1
3141 4190 1
3189 4099 2
3307 3709 2
3307 3829 2
3455 3975 1
4220 3529 1
4190 3616 2
3814 4233 1
4093 3937 2
3975 4100 2
4260 3955 2
173 2662 2
173 2686 2
485 849 1
485 3378 1
485 2686 2
485 3296 2
485 3379 2
534 849 2
534 1717 2
534 3282 2
3378 534 2
3610 534 2
534 2662 2
534 2686 1
534 3170 2
534 3296 2
534 3379 2
534 3744 2
534 4024 2
849 1717 2
849 3282 2
3378 849 2
3610 849 2
849 2662 2
849 2686 1
849 3170 2
849 3296 2
849 3379 1
849 3744 2
849 4024 2
1717 3282 2
3378 1717 2
3610 1717 2
1717 2662 2
1717 2686 1
2772 1717 2
1717 3170 1
1717 3296 2
1717 3379 2
1717 3744 2
1717 4024 2
2644 3140 2
2662 2686 1
2662 3170 2
3282 2662 2
2662 3296 2
3378 2662 2
2662 3379 2
3610 2662 2
2662 3744 2
2662 4024 2
2772 2686 2
3170 2686 1
3282 2686 1
3296 2686 1
3378 2686 1
3379 2686 1
3610 2686 1
3744 2686 1
4024 2686 1
558 2686 2
2772 3170 2
3170 3282 2
3296 3170 2
3170 3378 2
3170 3379 2
3170 3610 2
3744 3170 2
3170 4024 2
3378 3282 2
3610 3282 2
3282 3296 2
3282 3379 2
3282 3744 2
3282 4024 1
3296 3378 1
3296 3379 2
3296 3610 2
3296 3744 2
3296 4024 2
3378 3610 2
3378 3379 2
3378 3744 2
3378 4024 2
3379 3610 2
3744 3379 2
3379 4024 2
3610 3744 1
3610 4024 2
3744 4024 2
4077 4154 2
423 432 2
2666 423 1
2666 432 1
37 2028 2
44 431 2
44 3053 2
45 968 2
1012 49 2
1954 49 1
2683 49 2
49 2722 2
270 187 2
2334 187 2
3960 187 1
362 3291 2
394 2418 2
3053 431 2
3901 478 2
3984 478 2
483 3984 2
752 2074 2
929 1125 1
929 3323 1
930 3014 2
1012 1954 1
1012 2683 2
1055 1367 1
1055 1285 2
1109 1125 2
1109 2170 1
1109 4278 1
1125 4221 2
1125 1547 2
1125 3323 1
1783 1253 2
4297 1253 2
2865 1253 2
1367 1285 1
1483 2391 2
1548 3428 2
1571 3014 2
1592 1593 2
1592 3955 2
3955 1593 2
1783 4297 2
2683 1954 2
2074 3362 1
2170 4278 1
2576 1202 2
321 3898 1
321 2277 2
558 2034 2
2656 558 2
2807 558 2
3816 1134 2
1364 2034 2
2807 1364 2
4107 1397 2
2656 2034 2
2807 2034 2
747 2277 2
3898 2277 2
2807 2656 2
2656 3816 2
2656 4298 2
1396 1496 2
1396 3815 1
1496 3815 1
129 1202 2
129 2799 2
512 3061 2
753 2875 1
935 1973 1
1004 3186 1
1004 2371 2
2456 1004 1
1247 1202 2
1247 2799 2
1852 3892 2
2344 3468 2
2344 4203 2
2371 2456 1
2456 3186 2
2875 3892 2
3165 4326 2
747 4091 2
1162 3594 2
3578 2122 2
3285 1745 2
3550 248 2
368 1280 2
2019 693 2
788 1280 2
858 2975 2
2781 1043 2
1222 1777 2
1456 1917 1
1701 1788 1
2425 3320 2
3603 3210 2
3454 3673 2
34 3964 2
199 2526 1
617 777 2
3894 617 2
1745 650 2
761 1263 2
1335 777 2
1879 3903 2
2089 4193 2
2612 3964 1
4130 3811 2
1255 1469 1
2734 3695 2
25 2101 1
25 3293 1
1439 339 2
1792 339 2
555 4275 2
1084 1267 2
1231 1777 2
1439 1903 2
1439 2455 2
4071 1495 2
1611 2457 2
1792 2455 2
3293 2101 1
3354 3513 1
764 3266 2
1515 3241 2
2384 2467 2
477 4316 2
255 2590 1
255 4115 2
4115 2590 1
604 1416 1
3496 3773 1
3715 3807 1
224 973 1
224 2678 1
224 2842 2
224 4001 2
4152 224 2
2678 973 1
2842 973 1
4001 973 1
4152 973 2
2678 2842 2
2678 4001 2
4152 2678 2
2842 4001 2
4152 4001 2
627 2549 2
2033 799 2
2402 4002 1
375 2832 2
375 889 2
2330 2091 1
2203 390 2
2919 3741 2
1015 4249 1
1360 2999 1
1680 3755 2
2665 1980 2
2397 2999 2
2639 41 2
3077 1758 1
390 2076 2
889 2540 2
996 4218 2
1110 2902 2
2248 3757 1
2248 1802 2
3278 2540 1
155 3615 2
3757 1863 2
23 2680 2
23 1889 2
496 312 2
2886 918 2
1034 1016 2
2578 1016 1
2815 1016 1
3169 1016 1
3415 1016 2
1034 2578 2
3415 1034 2
1369 4119 1
1539 2473 2
1539 4253 2
3503 1572 1
4119 1889 2
2497 2297 1
3044 2297 2
3044 2497 2
2502 2886 2
2815 2578 2
3169 2578 2
3415 2578 2
2815 3169 2
2377 1461 1
1590 3921 1
2193 2024 1
2708 4027 2
155 3711 2
406 846 2
406 1324 2
406 1453 1
2394 406 2
406 3166 1
406 3167 2
406 3730 2
406 3902 2
406 4141 1
598 2205 1
598 3726 2
846 1324 2
846 1453 2
846 2394 1
846 3166 2
846 3167 2
846 3730 1
846 3902 2
846 4141 1
1023 1093 1
1023 1802 2
2205 1023 2
1863 1093 2
1287 2205 2
1287 1802 2
1287 3726 1
1324 1453 2
1324 2394 2
1324 3166 2
1324 3167 1
3730 1324 2
1324 3902 1
1324 4141 1
1453 2394 2
1453 3166 1
1453 3167 2
1453 3730 2
1453 3902 2
1453 4141 1
1802 1863 1
2280 4181 2
2394 3166 2
2394 3167 2
2394 3730 1
2394 3902 2
2394 4141 1
3166 3167 2
3730 3166 2
3166 3902 2
3166 4141 1
3167 3730 2
3167 3902 1
3167 4141 1
3730 3902 2
3730 4141 1
3902 4141 1
1883 4181 2
312 993 2
312 2853 2
474 2011 2
963 1246 2
4137 963 2
993 2853 1
1025 4313 1
3403 1095 2
3325 1535 2
150 1556 2
1033 3137 1
1033 4101 1
1343 1104 2
1546 1104 2
2409 1104 2
2548 1104 2
3137 1104 2
4101 1104 2
1343 2544 2
2409 2548 2
2409 4101 2
2548 4101 2
2776 4227 2
3137 4101 2
3397 4227 2
2847 3442 2
3762 4173 1
112 694 1
1214 100 2
225 3708 2
3383 625 1
951 3413 2
1502 2633 2
1804 3776 2
3347 2347 2
3028 2607 1
4238 2607 2
2775 3587 2
4186 2775 2
2953 3356 2
3028 4238 1
3196 3708 2
4186 3587 2
19 500 2
19 1092 2
19 4061 2
1092 500 2
1489 500 2
4061 500 1
1064 3417 1
1092 4061 2
3743 523 2
523 1685 1
3796 1685 2
2563 1685 2
3743 3796 1
2186 3290 2
464 957 2
464 2440 1
464 2648 2
957 2440 1
957 2648 1
1313 2961 2
1313 3742 2
1782 2022 2
2396 3666 2
2440 2648 1
213 2288 2
1232 961 2
3422 2534 2
1052 1673 2
2838 1052 1
3439 1052 1
1613 1499 2
2689 1673 1
3533 1673 1
2184 2066 1
3590 2066 1
3952 2066 1
4148 2066 1
2184 3952 2
2184 3590 2
2184 4148 1
2407 2231 1
2568 2231 1
2299 2611 1
2407 2568 1
3439 2689 2
2689 3533 2
2838 3439 2
2838 3533 2
3590 4148 2
3590 3952 1
3952 4148 2
766 3659 2
518 1398 2
2339 3971 2
3820 369 1
961 1511 2
961 3401 1
2744 83 2
233 2534 2
328 489 2
452 2534 2
460 1197 2
2534 460 2
699 728 2
805 2004 2
2534 1197 2
2251 1643 2
1695 3144 2
3367 2845 2
4231 855 2
1009 1494 2
1853 2793 2
2602 3705 1
3075 4139 2
2532 2000 1
3559 2000 1
2138 3180 2
2532 3559 2
2985 3661 2
765 2804 2
3922 990 2
990 1843 2
2804 2747 2
3306 4006 1
952 161 2
952 3113 2
3133 3724 1
3451 3463 2
1976 675 1
675 2272 1
1290 3117 1
3324 1290 2
1290 3437 1
1976 2272 2
2381 3301 2
3117 3324 1
3117 3437 1
3324 3437 2
514 3314 2
905 2102 1
905 3696 2
3696 2102 1
3026 2328 2
2328 3314 1
2398 3314 2
3427 2747 2
3026 3314 2
152 1896 2
751 3933 1
1892 751 2
1892 3933 1
3100 1892 1
3100 3933 2
1746 3045 1
238 560 2
662 1696 2
2395 3547 2
3479 3516 2
2125 685 2
1488 4041 2
262 2357 2
262 4242 2
1242 610 2
1579 1773 2
1579 3507 1
1773 3507 1
2899 2357 1
2937 2357 1
4242 2357 1
2899 2937 2
2899 4242 2
2937 4242 2
323 2239 1
2078 242 1
1000 891 2
3942 1080 1
4296 1080 1
3340 1670 1
3942 4296 1
84 876 1
3318 549 2
3751 1700 2
501 1402 2
501 882 2
1336 2291 2
1336 318 2
3326 2362 2
4095 3914 2
4191 3200 2
57 2823 1
2065 2645 2
2749 2789 2
3090 3753 1
318 997 2
3914 318 2
882 1618 2
3200 882 2
2146 3508 2
3483 2574 1
226 4183 1
652 824 1
717 3462 1
811 2221 1
1220 3687 1
1776 2131 1
1776 3016 1
2131 3016 1
2817 3930 1
1603 3506 2
3174 2841 1
719 2090 1
719 3134 2
719 3573 2
3134 2090 1
3573 2090 1
3029 3988 2
3134 3573 1
3095 3940 2
385 2171 2
2058 395 1
853 3195 1
3018 1633 2
1168 2276 2
2222 1558 1
755 1173 2
4066 1325 1
1743 3808 2
35 857 2
35 3784 2
35 4059 1
3784 857 2
4059 857 2
938 4302 2
3784 4059 2
3471 3789 2
2348 1856 1
3911 1856 1
2255 4171 2
2348 3911 1
623 2669 2
3079 3962 2
236 1100 2
944 1541 2
2507 870 2
158 1719 2
158 1738 2
158 1819 1
158 1911 1
158 3915 1
868 1738 1
868 1911 2
1719 1819 2
1719 1911 2
1719 3915 2
1738 1911 2
1819 1911 2
1819 3915 1
1911 3915 2
342 567 2
342 1767 1
342 2709 1
342 3528 1
567 804 2
1767 567 2
2709 567 1
3528 567 1
1186 1720 2
1186 3015 2
1720 3015 2
1720 4060 2
1767 2709 1
1767 3528 2
2709 3528 1
649 298 2
298 695 2
3002 298 1
298 4224 2
439 649 2
439 3465 2
439 3845 2
439 4224 2
649 3002 1
649 4157 1
3845 695 1
695 4224 1
790 1160 2
2265 3418 1
3002 3845 2
3002 4157 2
3845 3465 2
3465 4157 2
3845 4224 2
1428 1498 1
8 1026 1
8 2542 2
2939 8 2
98 1348 2
1582 98 1
98 3706 2
177 1399 1
2478 177 2
177 3303 1
575 2292 2
575 2956 1
575 3644 2
2542 1026 2
2939 1026 1
4211 1026 2
1582 1348 2
3706 1348 1
1399 3303 1
3563 1399 2
1582 3706 1
1582 4163 2
2956 2292 1
3644 2292 2
2478 3563 1
4211 2542 2
2939 4211 2
3644 2956 2
3482 4314 1
3706 4163 2
3887 4127 2
311 2736 2
311 3487 1
525 759 2
525 2150 2
525 2555 2
525 3237 1
759 977 2
759 2150 2
759 2555 1
759 3237 1
977 2450 2
977 2555 1
977 3237 2
1550 4042 2
1813 2413 1
2450 1813 1
2770 1813 1
1813 2924 2
2413 2450 2
2413 2770 2
2450 2770 1
2555 3237 1
2604 3949 1
2604 4042 1
2736 3487 1
3949 4042 1
2698 2974 2
632 365 2
411 3257 2
411 3286 2
411 3577 2
411 3737 1
437 3156 2
632 3168 2
632 3606 2
1569 1858 2
1569 3577 1
1569 3737 2
1858 3286 1
2432 3257 2
2882 3376 2
3156 3376 2
3156 3723 2
3168 3606 1
3577 3257 2
3737 3257 1
3286 3577 2
3376 3723 2
3577 3737 1
36 1037 2
36 1256 2
36 2375 2
36 4243 1
1037 1256 1
1037 1447 2
2359 1037 2
1037 2375 1
1037 4243 1
2359 1256 1
1256 2375 1
1256 4243 1
2062 2482 2
2359 2375 2
2359 4243 2
2375 4243 1
87 281 1
2745 87 2
2745 281 2
281 3357 2
294 1101 2
1433 294 2
1438 294 1
294 1458 2
2013 294 2
294 3400 2
294 3553 1
294 3617 2
301 2323 1
301 3343 1
449 1295 2
687 1405 2
823 2921 2
1101 1433 2
1438 1101 2
1101 1458 2
2013 1101 1
1101 3056 1
1101 3400 1
3617 1101 2
1101 4229 2
1295 3193 2
1438 1433 1
1433 1458 2
2013 1433 2
1433 3056 1
1433 3553 2
1433 4229 1
1438 1458 1
1438 2013 1
1438 3056 2
1438 3553 1
1438 3617 2
1438 4229 2
2013 1458 1
3056 1458 2
3553 1458 2
1458 3617 2
1458 4229 1
3009 1851 2
3519 1851 2
2013 3056 1
2013 3400 2
2013 3553 2
2013 3617 1
2013 4229 2
2273 2459 1
2273 2699 2
2314 2536 2
3343 2323 2
2699 2740 1
2699 3453 2
3009 3519 2
3056 3400 2
3056 3617 2
3056 4229 1
3617 3400 2
3553 3617 1
3570 2528 2
13 206 2
13 773 2
3193 13 2
4196 13 1
206 773 2
3193 773 2
2021 2188 2
2021 3203 2
2021 3772 1
2301 2063 1
2063 2582 2
2063 3187 1
3801 2063 2
2063 4217 1
3203 2188 1
3772 2188 1
2301 2582 2
2301 3187 2
2301 3801 2
2301 4217 2
2355 2704 2
2582 3187 1
3801 2582 1
2582 4217 2
3801 3187 2
4217 3187 1
3193 3377 1
3193 4196 2
3203 3772 1
943 3377 2
2191 3377 2
3801 4217 1
1345 3912 1
1345 4169 2
3912 4169 2
943 20 2
20 2955 2
634 1228 1
943 2191 1
943 2955 2
1228 2673 2
1228 3236 2
1344 2597 1
1344 3614 1
3614 2597 1
690 1684 1
690 2180 2
1684 2180 1
3399 1096 2
1400 1001 2
1001 2505 1
1271 2055 2
1400 2925 2
1865 2733 1
101 667 1
101 727 2
101 2060 2
667 727 1
667 2060 1
727 2060 2
2177 2661 1
2177 2786 1
2661 2786 2
154 3441 2
636 2812 1
1551 3246 2
1709 3246 1
409 527 2
527 1660 2
527 3068 2
660 1140 2
660 2311 2
660 3276 2
1140 2311 2
1660 3068 2
4215 1712 2
2535 3576 2
2535 4244 2
2623 3393 2
3534 4244 2
185 188 2
315 4015 1
2111 1180 2
2634 1180 1
3338 1180 1
2111 2634 1
2634 3338 2
3017 1174 2
197 1596 2
