4032 18 3
190 2972 3
259 286 3
259 4032 3
470 4032 3
2766 794 3
794 3432 3
1602 1122 3
2617 1362 3
2617 1728 3
3944 1837 3
1602 2036 3
4032 2079 3
3000 2212 3
2212 286 3
3432 3625 3
4010 286 3
286 4264 3
4264 3000 3
3944 630 3
1602 286 2
2617 286 1
2766 286 1
2972 286 2
286 3000 2
3432 286 3
4032 286 1
189 286 3
605 286 3
286 1737 3
286 2179 3
286 3560 3
286 2862 2
446 1737 3
446 4200 3
4170 495 3
934 2179 3
945 4170 3
1602 2617 1
1602 2766 3
1602 2972 2
1602 4032 3
1737 1636 3
4200 1636 3
1803 1106 3
2635 2373 3
2617 2766 2
2617 2972 1
2617 3000 3
2617 4032 2
2617 189 3
2617 2862 3
2766 2972 3
2766 3000 3
2766 3432 2
2766 4032 2
2766 2635 3
2766 2862 3
2972 2862 2
4032 2862 1
2972 4032 1
2901 2972 3
3432 3000 1
3000 1984 3
3000 3163 3
4062 3000 3
4032 3000 3
630 3000 3
3000 1737 3
3394 1737 3
3394 4200 3
3432 2635 3
822 3768 3
3768 3181 3
3768 1107 3
3786 2256 3
4170 3908 3
2635 4023 3
2901 4032 3
630 2557 2
630 3181 2
630 1275 3
630 3552 3
3334 1067 3
1176 3552 3
2285 1971 3
2557 3181 2
3181 1275 3
2755 914 3
3005 140 3
140 4084 3
2839 140 3
2839 414 3
605 1737 3
2439 626 3
718 2471 3
3189 718 3
822 3529 3
2543 914 3
1756 1107 3
1984 1107 3
2179 1107 3
3163 1107 3
3560 1107 3
2768 1632 3
2256 1737 1
2635 1737 1
4170 1737 1
1737 4200 2
3298 1737 3
4192 1737 3
1756 2179 3
1984 3163 2
1984 1111 3
1984 2690 3
1984 3560 2
2179 3163 2
2179 3560 2
492 2179 3
2179 2345 3
2179 3529 3
2179 4220 3
4292 2179 3
2179 4303 3
2256 2635 1
2256 4170 1
2256 4200 3
2256 3298 3
1306 2433 2
3189 2553 3
4099 2553 3
2635 4170 1
2635 4200 3
2635 3298 3
2712 3116 3
2888 4099 3
2888 551 3
2897 922 3
3163 2690 3
3522 2839 3
3532 3522 3
3522 3848 3
3560 492 3
3560 1111 3
3560 2345 3
3560 3529 3
3560 4220 3
3689 3529 3
3735 3189 3
4099 3735 3
4062 1111 3
4142 3116 3
4170 4200 3
4170 3298 3
4192 4200 3
1828 4200 3
2023 4200 3
3212 551 3
813 3890 2
813 1717 3
813 2686 3
813 3170 3
922 1971 2
4150 922 1
2086 1275 2
3948 1275 3
3848 1868 3
1868 4017 1
4084 1868 2
4150 1971 1
2644 1971 3
1971 3140 3
3005 1986 3
3532 1986 2
1986 4088 1
3005 4088 2
3005 750 3
3005 3532 1
3532 4088 3
3848 4017 2
3848 4084 1
4084 4017 3
4084 4154 3
2644 4150 3
52 2935 3
75 295 3
295 2132 3
2772 492 3
689 1306 3
689 3529 3
902 2418 3
902 394 3
982 3116 2
982 909 3
1483 982 3
1046 1764 3
1306 3245 2
1306 1906 3
1306 2345 3
1306 2690 3
1306 3529 2
1306 4220 3
1622 2982 3
1835 1764 3
1906 2345 2
1906 3529 2
1906 4220 1
3819 1977 3
2031 2023 1
2588 2072 2
959 2072 3
2130 932 3
2345 2690 3
2345 3529 1
2345 4220 1
2345 2048 3
2471 4099 2
3428 2471 3
2471 3901 3
2588 959 3
459 2690 3
2690 3529 2
4220 2690 3
2690 2048 3
2690 1285 3
2690 1367 3
2768 2839 1
2839 362 3
2839 932 3
3116 394 3
3116 416 3
3116 2391 3
3141 932 3
3189 4099 2
3189 483 3
3189 1764 3
1860 3189 3
3307 4077 3
4220 3529 1
2048 3529 3
3529 1285 3
3529 1367 3
2132 3950 3
3950 75 3
4005 750 3
4005 909 3
4013 2418 3
4013 394 3
4099 1548 3
4099 1764 3
3212 4099 3
4099 2771 3
932 4190 3
3819 4190 3
4220 2048 3
4220 1055 3
4233 4154 3
4292 2644 3
874 4303 3
173 534 3
173 849 3
173 1717 3
173 2662 2
173 2686 2
173 3170 3
173 3282 3
173 3296 3
173 3378 3
173 3379 3
173 3610 3
173 3744 3
173 4024 3
1212 173 3
173 2807 3
485 534 3
485 849 1
485 1717 3
485 3282 3
485 3378 1
485 3610 3
485 2662 3
485 2686 2
485 3170 3
485 3296 2
485 3379 2
485 3744 3
485 4024 3
534 849 2
534 1717 2
534 3282 2
3378 534 2
3610 534 2
534 2662 2
534 2686 1
2772 534 3
534 3170 2
534 3296 2
534 3379 2
534 3744 2
534 4024 2
534 271 3
534 558 3
1289 573 3
573 2493 3
849 1717 2
849 3282 2
3378 849 2
3610 849 2
849 2662 2
849 2686 1
2772 849 3
849 3170 2
849 3296 2
849 3379 1
849 3744 2
849 4024 2
849 558 3
849 1884 3
1717 3282 2
3378 1717 2
3610 1717 2
1717 2662 2
1717 2686 1
2772 1717 2
1717 3170 1
1717 3296 2
1717 3379 2
1717 3744 2
1717 4024 2
1717 558 3
1717 2997 3
1860 1397 3
2577 1953 3
2577 192 3
2644 3140 2
2644 4298 3
2662 2686 1
2772 2662 3
2662 3170 2
3282 2662 2
2662 3296 2
3378 2662 2
2662 3379 2
3610 2662 2
2662 3744 2
2662 4024 2
2662 558 3
2662 1212 3
2662 1364 3
2772 2686 2
3170 2686 1
3282 2686 1
3296 2686 1
3378 2686 1
3379 2686 1
3610 2686 1
3744 2686 1
4024 2686 1
271 2686 3
558 2686 2
2686 1212 3
1884 2686 3
1918 2686 3
2686 2034 3
2277 2686 3
2997 2686 3
3782 2686 3
1277 2686 3
2772 3170 2
2772 3282 3
2772 3296 3
2772 3378 3
2772 3379 3
2772 3610 3
2772 3744 3
2772 4024 3
2772 2997 3
3140 1364 3
3170 3282 2
3296 3170 2
3170 3378 2
3170 3379 2
3170 3610 2
3744 3170 2
3170 4024 2
3170 558 3
3170 2034 3
3170 2997 3
3212 1953 3
3378 3282 2
3610 3282 2
3282 3296 2
3282 3379 2
3282 3744 2
3282 4024 1
3282 558 3
3282 3782 3
3296 3378 1
3296 3379 2
3296 3610 2
3296 3744 2
3296 4024 2
3296 558 3
3296 2034 3
3296 2277 3
3378 3610 2
3378 3379 2
3378 3744 2
3378 4024 2
3378 558 3
3378 2277 3
3379 3610 2
3744 3379 2
3379 4024 2
3379 558 3
3379 1884 3
3379 2034 3
3610 3744 1
3610 4024 2
3610 558 3
3610 1918 3
3744 4024 2
3744 558 3
3744 1364 3
3744 1918 3
4024 558 3
4024 1364 3
4024 3782 3
4077 4154 2
4154 1397 3
740 4279 3
37 2028 2
45 1623 3
2126 49 3
2172 187 3
362 3291 2
362 932 3
394 2391 3
394 2418 2
416 2656 3
416 4298 3
1592 478 3
3901 478 2
3984 478 2
483 3984 2
752 2074 2
752 3362 3
752 1973 3
757 1852 3
2501 757 3
3008 757 3
757 3892 3
959 1871 3
1055 1367 1
1055 1285 2
1367 1285 1
767 1285 3
1703 1285 3
1367 1703 3
1483 2391 2
4326 1547 3
1548 3428 2
1548 1764 3
1764 3984 3
2818 1794 3
1954 2126 3
2074 3362 1
1973 2074 3
2321 2875 3
2334 2172 3
2702 3819 3
2982 2126 3
3788 3291 3
3428 1755 3
3865 2153 3
1755 3901 3
3955 3984 3
3955 227 3
227 3984 3
4222 3688 3
271 1277 3
271 2141 3
321 2277 2
321 3898 1
558 1364 3
558 2034 2
2656 558 2
2807 558 2
558 1277 3
747 558 3
1134 1364 3
1134 2034 3
3816 1134 2
1212 520 3
1364 2034 2
2656 1364 3
2807 1364 2
3816 1364 3
3285 1364 3
4107 1397 2
1397 1029 3
1884 1094 3
1918 1410 3
2656 2034 2
2807 2034 2
3898 2277 2
2277 1277 3
747 2277 2
2277 2122 3
2807 2656 2
2656 3816 2
2656 4298 2
1132 2656 3
4091 2656 3
3816 2807 3
1132 2807 3
2417 2860 3
3346 2518 3
3782 3594 3
349 1277 3
2148 129 3
368 129 3
214 227 3
227 482 3
366 1872 3
1703 486 3
2387 486 3
1142 486 3
753 2875 1
753 3892 3
767 1043 3
1004 935 3
935 1973 1
1004 3186 1
2456 1004 1
1004 2371 2
2148 1202 3
2158 1202 3
1280 1202 3
2158 1247 3
788 1247 3
1623 2781 3
1852 3892 2
3186 1973 3
1973 4083 3
3846 2001 3
3688 2126 3
2371 2456 1
2371 3186 3
2371 51 3
2456 3186 2
2501 1366 3
3498 2875 3
2875 3892 2
2875 1504 3
3008 507 3
3064 2387 3
3165 4326 2
3165 368 3
3210 3288 3
4326 1062 3
4326 1280 3
520 650 3
520 3756 3
747 4091 2
1866 1029 3
1094 777 3
1132 1158 3
1132 852 3
1162 3594 2
1162 1745 3
1410 650 3
1410 1144 3
3578 2122 2
2122 401 3
2122 777 3
2141 650 3
2141 1799 3
2390 1144 3
2390 3756 3
3285 650 3
3285 1745 2
3578 617 3
3578 3197 3
3594 650 3
3594 1575 3
4091 4193 3
1327 248 3
555 258 3
1988 288 3
368 1280 2
2976 482 3
517 3003 3
2019 693 2
788 1280 2
858 2975 2
858 2976 3
2781 1043 2
1062 1280 3
1595 1121 3
1222 1231 3
1222 1777 2
1366 2682 3
658 1504 3
4226 1504 3
1650 4108 3
1701 1788 1
1872 3694 3
2296 1191 3
3609 2387 3
2387 1142 3
257 2392 3
2425 3694 3
2425 3320 2
2496 3354 3
3185 2713 3
4108 2781 3
3603 3210 2
4198 3411 3
3498 1691 3
3498 4226 3
1327 3550 3
4083 2526 3
86 1564 3
34 2612 3
34 3964 2
199 2526 1
617 777 2
3894 617 2
2467 617 3
617 3811 3
1745 650 2
2723 650 3
761 1263 2
1335 777 2
2467 777 3
4194 1142 3
2723 1745 3
1879 3903 2
2089 4193 2
2217 2477 3
2612 3964 1
2612 764 3
1518 3197 3
2384 3894 3
3964 764 3
3964 3266 3
4130 3811 2
1255 1469 1
2746 2537 3
25 2101 1
25 3293 1
555 4275 2
658 4121 3
1084 1267 2
1191 2444 3
1231 1777 2
24 1231 3
1270 612 3
4071 1495 2
1611 2457 2
1691 3554 3
1702 2615 3
24 1777 3
1995 2147 3
3293 2101 1
2101 2945 3
2363 2858 3
3032 2457 3
3003 2808 3
3003 1449 3
3354 3513 1
3931 2135 3
3931 3663 3
4071 3361 3
170 2930 3
764 3266 2
1515 3241 2
1518 2370 3
2094 2822 3
2094 2341 3
2384 2467 2
3639 2856 3
477 3150 3
3150 4316 3
255 2590 1
255 4115 2
4115 2590 1
2590 1419 3
604 1416 1
2443 1449 3
3496 3773 1
3715 3807 1
4050 1637 3
138 955 3
224 973 1
224 2678 1
224 2842 2
224 4001 2
4152 224 2
2203 224 3
2678 973 1
2842 973 1
4001 973 1
4152 973 2
375 973 3
1968 973 3
2203 973 3
2832 973 3
2678 2842 2
2678 4001 2
4152 2678 2
2203 2678 3
2842 4001 2
4152 2842 3
375 2842 3
2842 2832 3
3125 2120 3
3467 2014 3
4152 4001 2
1968 4001 3
627 2549 2
2033 799 2
1128 799 3
1419 3083 3
1451 2665 3
1463 1281 3
1128 2033 3
2465 3274 3
1474 1454 3
1723 3299 3
1723 427 3
2402 4002 1
179 1110 3
2248 179 3
179 2902 3
375 2832 2
375 889 2
375 2540 3
1910 403 3
1910 2267 3
1968 996 3
1968 4218 3
2330 2091 1
2203 390 2
2203 2076 3
2832 1608 3
2832 2540 3
2919 3741 2
2093 3456 3
3509 2093 3
1015 4249 1
1015 1539 3
1015 4253 3
1360 2397 3
1360 2999 1
1360 2502 3
1360 2886 3
1680 3755 2
1905 2297 3
2665 1980 2
1980 1016 3
1980 2578 3
3415 1980 3
2156 918 3
2260 3083 3
2260 2297 3
2260 2497 3
2397 2999 2
2397 918 3
2665 3415 3
2999 2502 3
2999 2886 3
496 3083 3
3274 2297 3
3879 748 3
4249 1539 3
4249 4253 3
836 1617 3
1985 1609 3
3077 1758 1
2851 3110 3
3359 3110 3
219 2097 3
290 2297 3
390 2076 2
1527 390 3
889 2540 2
889 3278 3
1736 889 3
996 4218 2
1018 769 3
1110 2902 2
1527 2076 3
2248 3757 1
2248 1023 3
2248 1802 2
2248 1863 3
3278 2540 1
1736 2540 3
2902 3615 3
3711 2902 3
4306 2902 3
1572 3615 3
155 3615 2
3757 1093 3
3757 1863 2
3757 1802 3
1648 237 3
3640 1897 3
1951 1002 3
23 1889 2
23 2680 2
169 3669 3
496 312 2
496 993 3
496 2853 3
916 1542 3
2886 918 2
918 2853 3
1034 1016 2
2578 1016 1
2815 1016 1
3169 1016 1
3415 1016 2
1525 1016 3
1034 2578 2
1034 2815 3
1034 3169 3
3415 1034 2
1034 1525 3
3853 1034 3
1221 3669 3
1369 1889 3
1369 4119 1
1520 3669 3
1539 2473 2
1539 4253 2
1539 3403 3
3503 1572 1
2754 1572 3
4119 1889 2
2497 2297 1
3044 2297 2
1462 2297 3
1649 2297 3
2473 1095 3
3044 2497 2
2497 1462 3
2502 2886 2
2502 312 3
2815 2578 2
3169 2578 2
3415 2578 2
2578 1525 3
2680 1467 3
2629 2680 3
2680 3470 3
2774 3669 3
2815 3169 2
3415 2815 3
2886 312 3
3044 1462 3
3415 3169 3
3415 1525 3
4253 3403 3
1299 4063 3
2377 1461 1
1590 3921 1
1635 2352 3
2193 2024 1
504 2242 3
2708 4027 2
2738 4063 3
4000 68 3
1071 3583 3
155 3711 2
2776 155 3
406 846 2
406 1324 2
406 1453 1
2394 406 2
406 3166 1
406 3167 2
406 3730 2
406 3902 2
406 4141 1
598 1287 3
598 2205 1
598 3726 2
598 1023 3
846 1324 2
846 1453 2
846 2394 1
846 3166 2
846 3167 2
846 3730 1
846 3902 2
846 4141 1
1023 1093 1
1023 1802 2
1023 1863 3
2205 1023 2
1863 1093 2
2920 1093 3
1802 1093 3
2205 1093 3
1287 1802 2
1287 2205 2
1287 3726 1
1287 1863 3
1324 1453 2
1324 2394 2
1324 3166 2
1324 3167 1
3730 1324 2
1324 3902 1
1324 4141 1
1453 2394 2
1453 3166 1
1453 3167 2
1453 3730 2
1453 3902 2
1453 4141 1
1802 1863 1
1802 4173 3
3726 1802 3
2920 1863 3
1863 4173 3
2205 3726 3
2280 4181 2
2394 3166 2
2394 3167 2
2394 3730 1
2394 3902 2
2394 4141 1
3166 3167 2
3730 3166 2
3166 3902 2
3166 4141 1
3167 3730 2
3167 3902 1
3167 4141 1
3711 4289 3
3730 3902 2
3730 4141 1
3836 3442 3
3902 4141 1
1883 4181 2
3640 981 3
4290 2828 3
312 993 2
312 2853 2
2183 312 3
3164 312 3
4329 312 3
444 2607 3
474 2011 2
825 2607 3
963 1246 2
4137 963 2
4284 963 3
993 2853 1
993 2183 3
1025 4313 1
1025 3128 3
3403 1095 2
1462 1649 3
1462 100 3
1467 3708 3
1542 32 3
2629 625 3
2183 2853 3
2887 2868 3
2979 1741 3
3470 3708 3
1175 3853 3
3853 1616 3
3853 2627 3
3853 2651 3
3853 3260 3
3128 4313 3
4313 3587 3
54 729 3
4063 150 3
4063 1556 3
1681 4063 3
3325 1535 2
1535 3583 3
1535 500 3
1064 1649 3
1649 3417 3
3325 1489 3
3546 500 3
3546 3476 3
3546 4061 3
251 3862 3
3862 500 3
150 1556 2
1005 150 3
859 2776 3
1033 3137 1
1033 4101 1
1033 1104 3
1033 2409 3
1033 2548 3
1343 1104 2
3137 1104 2
1546 1104 2
2409 1104 2
2548 1104 2
4101 1104 2
1343 2544 2
942 1556 3
537 1556 3
1920 1774 3
4051 2064 3
2409 2548 2
2409 3137 3
2409 4101 2
2548 3137 3
2548 4101 2
2776 4227 2
3137 4101 2
3397 4227 2
2847 3442 2
3762 4173 1
708 1311 3
981 107 3
981 3022 3
32 1718 3
1214 100 2
3417 100 3
225 3708 2
3383 625 1
927 3742 3
951 3413 2
1175 502 3
1175 2579 3
1175 4113 3
1502 2633 2
2104 1616 3
4113 1616 3
1804 3776 2
2183 1826 3
3347 2347 2
2347 2368 3
3028 2607 1
4238 2607 2
2579 2627 3
4113 2627 3
2651 948 3
2775 3587 2
4186 2775 2
2775 957 3
2775 2440 3
2775 2648 3
2837 3024 3
2953 3356 2
3028 4238 1
3128 535 3
3164 1313 3
3196 3708 2
3196 1782 3
4329 3347 3
4186 3587 2
3587 957 3
3587 2440 3
3587 2648 3
3708 2022 3
3776 3717 3
3333 4186 3
275 3731 3
1765 526 3
1930 880 3
19 500 2
19 1092 2
19 4061 2
1092 500 2
1489 500 2
4061 500 1
3422 500 3
1064 3417 1
1092 4061 2
1662 1446 3
1489 4061 3
3422 4061 3
3743 523 2
523 1685 1
3796 523 3
2563 523 3
1075 2750 3
3743 1685 3
3796 1685 2
2563 1685 2
3743 3796 1
3743 282 3
3796 282 3
1077 210 3
464 957 2
464 2440 1
464 2648 2
535 1309 3
957 2440 1
957 2648 1
957 450 3
1313 2961 2
1313 3742 2
1782 2022 2
730 1782 3
2801 1782 3
2104 703 3
2396 3666 2
2440 2648 1
2440 450 3
450 2648 3
3953 3804 3
2410 3953 3
3992 4291 3
213 2288 2
1232 961 2
1232 1511 3
1232 3401 3
3580 2814 3
4208 344 3
136 452 3
1119 233 3
3422 460 3
3422 1197 3
3422 2534 2
282 1372 3
775 2611 3
1052 1673 2
2657 1052 3
1052 2689 3
2838 1052 1
3439 1052 1
1052 3533 3
1052 3075 3
1052 4231 3
1613 1499 2
2689 1673 1
2838 1673 3
3439 1673 3
3533 1673 1
1673 855 3
1673 4139 3
2184 2066 1
3590 2066 1
3952 2066 1
4148 2066 1
2066 3058 3
1853 2066 3
2793 2066 3
2000 2066 3
2184 3952 2
2532 2184 3
2184 3590 2
2184 4148 1
2184 2793 3
2407 2231 1
2568 2231 1
2299 2611 1
2299 2173 3
2407 2568 1
2568 4065 3
2611 2173 3
3439 2689 2
2689 3533 2
2689 855 3
2838 3439 2
2838 3533 2
2838 3075 3
3253 3305 3
3439 4231 3
3533 4139 3
3590 4148 2
3590 3952 1
3590 1853 3
3559 3952 3
3952 4148 2
3952 1853 3
4148 2793 3
580 1257 3
2428 580 3
766 3659 2
766 1841 3
2092 79 3
3659 1841 3
1662 3649 3
518 1398 2
983 518 3
1301 3661 3
983 1398 3
2339 3971 2
2892 2801 3
2801 3661 3
79 3175 3
3820 369 1
961 1511 2
961 3401 1
1511 3401 3
2849 1841 3
1841 4270 3
3681 3322 3
2744 83 2
83 205 3
233 2534 2
233 3207 3
328 489 2
452 2534 2
452 1218 3
460 1197 2
2534 460 2
460 3306 3
460 4006 3
699 728 2
728 2589 3
805 2004 2
2534 1197 2
1197 3306 3
1197 4006 3
2251 1643 2
1695 3144 2
2004 3492 3
765 2534 3
2534 990 3
1218 2534 3
2672 2534 3
2534 2804 3
3207 2534 3
3922 2534 3
2216 2534 3
2531 2534 3
3367 2845 2
2845 1817 3
3144 2655 3
71 1494 3
4231 855 2
1009 1494 2
1853 2793 2
2602 3705 1
848 2928 3
3071 2207 3
3075 4139 2
3906 2476 3
3605 3360 3
642 265 3
265 1810 3
265 2694 3
745 1302 3
2532 2000 1
3559 2000 1
2138 3180 2
2532 3559 2
2985 3661 2
621 3025 3
679 2511 3
1413 80 3
2406 2386 3
2429 3175 3
4123 4004 3
205 2268 3
765 2804 2
765 3427 3
3922 990 2
990 1843 2
1218 2216 3
1604 1323 3
1604 3314 3
1817 4272 3
1822 3314 3
2742 3314 3
2804 2747 2
3427 2804 3
3207 2531 3
3306 4006 1
3306 3348 3
3492 4317 3
3624 2102 3
3348 4006 3
4045 2102 3
4178 2102 3
952 161 2
161 1896 3
397 3463 3
952 3113 2
952 152 3
1185 2551 3
2857 950 3
3133 3724 1
3133 3933 3
3451 3463 2
3047 3451 3
2567 3463 3
3724 751 3
1244 2429 3
1323 1946 3
1976 675 1
675 2272 1
675 1072 3
1135 675 3
1262 675 3
2903 675 3
599 838 3
1156 838 3
1290 3117 1
3324 1290 2
1290 3437 1
842 1838 3
1976 2272 2
1976 1262 3
2272 1072 3
2381 3301 2
1444 2694 3
238 2970 3
2991 1156 3
3117 3324 1
3117 3437 1
1882 3301 3
3324 3437 2
417 3348 3
514 2328 3
514 3314 2
514 736 3
514 2700 3
905 2102 1
905 3696 2
3696 2102 1
3277 2102 3
2398 2328 3
3026 2328 2
2328 3314 1
2328 3981 3
2398 3314 2
2398 283 3
2398 2438 3
3427 2747 2
3026 3314 2
3026 3981 3
3026 4250 3
283 3314 3
736 3314 3
2438 3314 3
2700 3314 3
3981 3314 3
4250 3314 3
1441 3314 3
152 1896 2
1892 751 2
751 3933 1
3100 751 3
1386 2551 3
1892 3933 1
3100 1892 1
2551 2506 3
3100 3933 2
3523 3531 3
1746 3045 1
1823 1946 3
1946 2908 3
238 560 2
599 851 3
1156 851 3
3258 1757 3
2145 2337 3
2647 3433 3
2649 3258 3
3406 3172 3
3826 3258 3
736 4041 3
3981 1441 3
3981 685 3
4250 1441 3
662 1696 2
2395 3547 2
371 2506 3
3479 3516 2
3928 3547 3
372 1823 3
372 1242 3
1441 800 3
1823 2908 3
2275 1217 3
3277 2660 3
3885 610 3
1003 3258 3
370 2105 3
493 3139 3
2125 685 2
800 685 3
1488 4041 2
2152 2075 3
2310 1080 3
2863 2864 3
3517 3537 3
4041 3102 3
1250 711 3
3611 4151 3
262 2357 2
262 2899 3
262 2937 3
262 4242 2
1242 610 2
501 610 3
1336 610 3
1402 610 3
2291 610 3
3326 610 3
743 610 3
2854 613 3
1211 941 3
1787 941 3
3543 941 3
1579 1773 2
1579 3507 1
1773 3507 1
2899 2357 1
2937 2357 1
4242 2357 1
2899 2937 2
2899 4242 2
2937 4242 2
645 3677 3
645 4251 3
2821 1761 3
323 2239 1
2078 242 1
2290 242 3
1000 891 2
891 3407 3
4159 891 3
4167 891 3
3942 1080 1
4296 1080 1
3591 1080 3
1411 1080 3
1155 1641 3
3340 1670 1
2078 2290 3
2140 1118 3
2941 2519 3
3942 4296 1
3942 3591 3
4296 3591 3
33 1700 3
84 876 1
3318 549 2
3751 1700 2
3297 2376 3
4212 2319 3
501 1402 2
501 882 2
501 1618 3
1211 3543 3
1336 2291 2
1336 318 2
1336 997 3
1402 1618 3
2291 997 3
3326 2362 2
4095 318 3
4095 3914 2
4191 882 3
4191 3200 2
57 2823 1
57 931 3
2823 931 3
3806 2574 3
743 341 3
3178 1273 3
1473 1812 3
2065 2645 2
2749 2789 2
2487 2749 3
647 2789 3
3090 3753 1
3194 268 3
268 3630 3
318 997 2
3914 318 2
882 1618 2
3200 882 2
997 1220 3
997 3687 3
1411 2199 3
1618 1153 3
217 1978 3
3899 1978 3
408 1978 3
2146 3508 2
74 3508 3
1178 3508 3
3635 3508 3
810 3542 3
3398 3542 3
3483 2574 1
250 2309 3
2580 2309 3
1293 2309 3
3289 1226 3
1898 3781 3
226 4183 1
652 824 1
717 3462 1
352 810 3
811 2221 1
1220 3687 1
1776 2131 1
1776 3016 1
1776 3675 3
2131 3016 1
2131 3675 3
2209 3746 3
2480 3746 3
2575 1726 3
2817 3930 1
3675 3016 3
939 3391 3
4120 3391 3
2756 3391 3
352 3398 3
1603 3506 2
3660 3506 3
4094 1726 3
3174 2841 1
719 2090 1
719 3134 2
719 3573 2
3134 2090 1
3573 2090 1
1688 2090 3
292 2090 3
3029 3988 2
3134 3573 1
3134 1688 3
3573 1688 3
4276 2020 3
656 853 3
656 3195 3
1704 3195 3
1184 1878 3
3095 3940 2
202 1061 3
3775 1726 3
1510 3151 3
522 3160 3
1171 3746 3
2850 3746 3
3541 3746 3
3544 3746 3
4309 3746 3
385 2171 2
2058 395 1
1688 3918 3
165 3774 3
4164 678 3
677 2405 3
853 2195 3
853 3195 1
1184 2619 3
3195 2195 3
3018 1633 2
1600 3271 3
1168 2276 2
2748 1190 3
606 144 3
3775 1873 3
2222 1558 1
755 1173 2
1272 1173 3
253 4038 3
2587 4038 3
692 2490 3
4066 1325 1
1600 1536 3
2620 1874 3
2220 1294 3
2220 2302 3
692 2117 3
1743 3808 2
1743 938 3
1743 4059 3
3808 857 3
3808 4302 3
938 3808 3
2846 1715 3
2302 1294 3
116 2174 3
35 857 2
35 3784 2
35 4059 1
35 3471 3
3784 857 2
4059 857 2
857 3789 3
938 857 3
938 4302 2
3784 4059 2
4059 3471 3
4302 3789 3
317 3924 3
1591 962 3
1391 1591 3
1591 1505 3
3471 3789 2
3945 2142 3
175 1677 3
2348 1856 1
3911 1856 1
2255 4171 2
2348 3911 1
623 2669 2
611 576 3
1425 1561 3
78 4308 3
3079 3962 2
3827 313 3
1486 3251 3
3342 1017 3
1017 3758 3
236 1100 2
3392 2325 3
3392 3888 3
1586 4175 3
3446 4175 3
4175 332 3
4175 2382 3
1436 664 3
2906 1436 3
332 3863 3
2382 3863 3
944 1541 2
505 3589 3
2507 870 2
193 158 3
193 1719 3
193 1819 3
193 1911 3
2783 193 3
193 3915 3
158 868 3
158 1719 2
158 1738 2
158 1819 1
158 1911 1
158 3915 1
342 158 3
2709 158 3
3528 158 3
868 1738 1
868 1911 2
1719 1819 2
1719 1911 2
1719 3915 2
1738 1819 3
1738 1911 2
1738 3915 3
1819 1911 2
1819 3915 1
3528 1819 3
1911 3915 2
1767 1911 3
2709 1911 3
2783 804 3
1720 2783 3
2783 3464 3
4060 2783 3
567 3915 3
804 3915 3
3528 3915 3
342 567 2
342 1767 1
342 2709 1
342 3528 1
567 804 2
1767 567 2
2709 567 1
3528 567 1
695 567 3
790 567 3
1160 567 3
4224 567 3
804 2035 3
804 2709 3
804 3528 3
695 804 3
790 804 3
1186 1720 2
1186 1767 3
1186 2709 3
1186 3015 2
1186 4060 3
1186 439 3
1186 3845 3
1720 3015 2
1720 4060 2
1720 695 3
1720 3845 3
1767 2709 1
1767 3528 2
439 1767 3
2709 3528 1
790 2709 3
1160 2709 3
3845 2709 3
3015 3528 3
3015 4060 3
790 3528 3
1160 3528 3
695 4060 3
3845 4060 3
649 298 2
298 695 2
298 2998 3
3002 298 1
298 3845 3
298 4157 3
298 4224 2
1348 298 3
439 649 2
439 695 3
439 3002 3
439 3465 2
439 3845 2
439 4157 3
439 4224 2
649 2998 3
649 3002 1
649 3465 3
649 3845 3
649 4157 1
695 3002 3
695 3465 3
3845 695 1
695 4224 1
1428 695 3
1498 695 3
8 695 3
695 1026 3
1050 695 3
695 1348 3
2542 695 3
790 1160 2
790 2265 3
790 1050 3
2265 1160 3
1160 3418 3
2265 3418 1
2265 1399 3
2110 2265 3
2998 3002 3
2998 4157 3
3002 3845 2
3002 4157 2
3002 4224 3
3706 3002 3
3418 177 3
3845 3465 2
3465 4157 2
3465 4163 3
3845 4224 2
3845 1428 3
1498 3845 3
3845 1050 3
3845 3706 3
3845 4211 3
4163 4157 3
4224 1348 3
4224 2542 3
1428 1498 1
4025 1428 3
4025 1498 3
8 1026 1
8 2292 3
8 2542 2
2939 8 2
8 4211 3
98 1348 2
1582 98 1
98 3706 2
4163 98 3
177 1399 1
2478 177 2
177 3303 1
177 3563 3
177 759 3
2924 177 3
575 2292 2
575 2956 1
575 3644 2
1026 2292 3
2542 1026 2
2939 1026 1
4211 1026 2
1550 1026 3
3949 1026 3
4042 1026 3
1050 1399 3
4025 1050 3
1050 418 3
1050 2604 3
1050 3949 3
1050 4042 3
1582 1348 2
3706 1348 1
4163 1348 3
195 1348 3
1813 1348 3
2924 1348 3
3001 1348 3
4042 1348 3
1348 4223 3
1399 2478 3
1399 3303 1
3563 1399 2
1399 3887 3
4025 1399 3
1399 418 3
525 1399 3
1399 2924 3
1399 3237 3
3487 1399 3
936 1399 3
1582 3706 1
1582 4163 2
2292 2542 3
2956 2292 1
3644 2292 2
2478 3303 3
2478 3563 1
2478 2150 3
2542 2939 3
4211 2542 2
2939 4211 2
3949 2939 3
3644 2956 2
3303 3563 3
311 3303 3
3303 977 3
3303 2555 3
2924 3303 3
3482 4314 1
1771 3482 3
1813 3482 3
2450 3482 3
2770 3482 3
3706 4163 2
2604 3706 3
3706 3001 3
3887 4127 2
2924 3887 3
1813 4127 3
2413 4127 3
2604 4211 3
2413 4314 3
1716 2698 3
2974 1716 3
195 4042 3
195 4223 3
311 2736 2
311 3487 1
936 418 3
4090 418 3
418 3376 3
525 759 2
525 977 3
525 2150 2
525 2555 2
525 2924 3
525 3237 1
936 525 3
411 525 3
2994 525 3
759 977 2
759 1813 3
759 2150 2
759 2413 3
759 2450 3
759 2555 1
759 2770 3
759 2924 3
759 3237 1
411 759 3
3737 759 3
977 1813 3
977 2413 3
977 2450 2
977 2555 1
977 2770 3
977 2924 3
977 3237 2
2882 977 3
3156 1048 3
1550 2604 3
1550 3949 3
1550 4042 2
4090 1550 3
365 1550 3
632 1550 3
1550 3376 3
1771 1587 3
1813 2413 1
2450 1813 1
1813 2555 3
2770 1813 1
1813 2924 2
1813 3237 3
1587 1813 3
3257 1813 3
3723 1813 3
3737 1813 3
2150 2555 3
2150 3237 3
3286 2150 3
2413 2450 2
2413 2555 3
2413 2770 2
2413 2924 3
2413 3237 3
3723 2413 3
2450 2555 3
2450 2770 1
2450 2924 3
2450 3237 3
2555 2770 3
2555 2924 3
2555 3237 1
411 2555 3
3737 2555 3
2604 3237 3
2604 3949 1
2604 4042 1
632 2604 3
2604 3168 3
2604 3606 3
2736 3487 1
2736 2994 3
2770 2924 3
2770 3237 3
2924 3237 3
2924 4223 3
936 2924 3
1587 2924 3
2924 3257 3
3376 2924 3
3577 2924 3
2924 3737 3
3001 3487 3
3001 992 3
3001 3606 3
936 3237 3
411 3237 3
3737 3237 3
1037 3237 3
3487 4090 3
3487 992 3
3949 4042 1
632 3949 3
3949 3168 3
3949 3606 3
632 4042 3
3168 4042 3
4042 3376 3
3606 4042 3
3723 4042 3
1587 4223 3
713 2264 3
936 1037 3
936 1256 3
936 2375 3
936 4243 3
2698 2974 2
2698 3690 3
2974 3934 3
3690 2974 3
2062 3934 3
3107 3934 3
4090 3680 3
632 365 2
411 1569 3
411 1858 3
411 3257 2
411 3286 2
411 3577 2
411 3737 1
1037 411 3
3553 411 3
3617 411 3
437 3156 2
3519 437 3
449 596 3
596 2921 3
632 2994 3
632 3168 2
632 3606 2
632 2745 3
992 281 3
992 1851 3
3098 1238 3
1569 1858 2
1569 3257 3
1569 3286 3
1569 3577 1
1569 3737 2
1447 1569 3
1587 3453 3
1858 3286 1
1858 3577 3
2249 823 3
2249 1295 3
301 2383 3
2383 2323 3
2432 3257 2
2432 3737 3
36 2432 3
4243 2432 3
449 2432 3
1295 2432 3
3400 2432 3
2882 3376 2
2882 1256 3
2882 2359 3
2882 1101 3
2882 2013 3
2882 3056 3
2994 1037 3
3156 3376 2
3156 3723 2
1851 3156 3
3357 3156 3
3168 3606 1
3168 281 3
3577 3257 2
3737 3257 1
36 3257 3
4243 3257 3
2461 3257 3
3400 3257 3
3286 3577 2
3286 3737 3
3376 3723 2
36 3376 3
3680 3376 3
4243 3376 3
1851 3376 3
3577 3737 1
3606 87 3
3606 281 3
36 3723 3
3680 3723 3
4243 3723 3
87 3723 3
281 3723 3
2745 3723 3
36 3737 3
1037 3737 3
4243 3737 3
294 3737 3
36 1037 2
36 1256 2
36 2359 3
36 2375 2
36 4243 1
3650 36 3
1037 1256 1
1037 1447 2
2359 1037 2
1037 2375 1
1037 4243 1
1037 3292 3
1447 1256 3
2359 1256 1
1256 2375 1
1256 4243 1
1256 3292 3
1447 2375 3
1447 4243 3
2062 2482 2
2359 2375 2
2359 4243 2
2375 4243 1
2375 3292 3
2379 2482 3
2848 3107 2
3634 3098 3
3810 3098 3
3107 3690 2
4054 3107 3
3292 4243 3
3650 4243 3
87 281 1
87 1252 3
2745 87 2
87 3357 3
281 1252 3
2745 281 2
281 3357 2
3292 281 3
2063 281 3
281 3187 3
4217 281 3
294 1101 2
1433 294 2
1438 294 1
294 1458 2
2013 294 2
294 3056 3
294 3400 2
294 3553 1
294 3617 2
294 4229 3
294 2582 3
3772 294 3
3801 294 3
301 2323 1
301 3343 1
449 1295 2
449 13 3
4196 449 3
687 1405 2
2379 687 3
823 2921 2
823 13 3
823 773 3
1101 1433 2
1438 1101 2
1101 1458 2
2013 1101 1
1101 3056 1
1101 3400 1
1101 3553 3
3617 1101 2
1101 4229 2
2301 1101 3
3203 1101 3
1252 2745 3
2528 1252 3
3650 1252 3
1295 13 3
1295 773 3
1295 3193 2
3377 1295 3
4196 1295 3
1408 2273 3
1408 2921 3
516 1408 3
1408 3884 3
1438 1433 1
1433 1458 2
2013 1433 2
1433 3056 1
1433 3400 3
1433 3553 2
1433 3617 3
1433 4229 1
1438 1458 1
1438 2013 1
1438 3056 2
1438 3400 3
1438 3553 1
1438 3617 2
1438 4229 2
1438 3801 3
2013 1458 1
3056 1458 2
1458 3400 3
3553 1458 2
1458 3617 2
1458 4229 1
1458 2063 3
1458 4217 3
3009 1851 2
3519 1851 2
2923 1851 3
1851 3187 3
2013 3056 1
2013 3400 2
2013 3553 2
2013 3617 1
2013 4229 2
2013 2301 3
2273 2459 1
2273 2699 2
2273 2740 3
2528 2273 3
3650 2273 3
2314 2536 2
2323 2461 3
2323 2699 3
3343 2323 2
1491 2323 3
3954 2323 3
2459 2699 3
2459 2740 3
2461 3400 3
2699 2740 1
2699 3453 2
2528 2699 3
3650 2699 3
2699 1491 3
3319 2699 3
2740 3453 3
2740 1491 3
13 2921 3
2921 206 3
2840 2921 3
3009 3519 2
3009 3801 3
3056 3400 2
3056 3553 3
3056 3617 2
3056 4229 1
2301 3056 3
2889 3343 3
3553 3400 3
3617 3400 2
4229 3400 3
2188 3400 3
3650 3453 3
3553 3617 1
3553 4229 3
2021 3553 3
3801 3553 3
3617 4229 3
2021 3617 3
2063 4229 3
6 590 2
6 654 3
6 1139 2
1974 6 2
2226 6 2
6 3066 1
6 3457 2
6 3612 3
6 3634 2
6 3810 1
538 4054 3
1139 590 3
1974 590 2
2226 590 2
3066 590 1
3457 590 3
3634 590 3
590 3810 2
590 3294 3
590 3308 3
654 1139 2
654 1974 3
654 2226 3
654 3066 3
3457 654 1
654 3612 2
654 3634 3
654 3810 2
807 1967 3
1974 1139 1
2226 1139 1
1139 3066 2
1139 3457 1
1139 3612 1
1139 3634 2
1139 3810 1
1139 1251 3
1139 2016 3
3375 1382 2
591 1471 3
2262 1471 3
2668 1967 3
1967 3912 3
2226 1974 2
1974 3066 1
1974 3457 2
1974 3612 2
1974 3634 3
1974 3810 2
1974 2151 3
1974 3558 3
2226 3066 1
2226 3457 2
2226 3612 2
2226 3634 3
2226 3810 2
2226 413 3
2226 1251 3
2528 3292 3
3570 2528 2
1159 2528 3
3066 3457 2
3066 3612 3
3066 3634 2
3066 3810 1
3066 2016 3
3066 3308 3
3612 3457 2
3457 3634 2
3457 3810 1
3612 3634 3
3612 3810 2
3612 413 3
3612 3308 3
3634 3810 1
3634 2016 3
3634 2151 3
3810 539 3
3810 1373 3
3810 2016 3
13 206 2
13 773 2
3193 13 2
13 3377 3
4196 13 1
13 1401 3
2955 13 3
198 2855 3
206 773 2
2188 206 3
3377 206 3
206 4196 3
20 206 3
1401 206 3
2955 206 3
335 3954 3
3193 773 2
773 3377 3
773 4196 3
20 773 3
773 1401 3
1491 3621 3
1809 3319 3
2262 1809 3
1809 114 3
2021 2188 2
2021 2704 3
2021 3203 2
2021 3772 1
1344 2021 3
2301 2063 1
2063 2582 2
2063 3187 1
3801 2063 2
2063 4217 1
3203 2188 1
3772 2188 1
20 2188 3
2149 2188 3
2597 2188 3
2188 2955 3
2301 2582 2
2301 3187 2
2301 3801 2
2301 4217 2
2355 2704 2
2355 3801 3
2582 3187 1
3801 2582 1
2582 4217 2
2582 2597 3
2923 2840 3
2840 3377 3
2840 3884 3
2923 2597 3
3801 3187 2
4217 3187 1
2597 3187 3
2673 3187 3
3187 3236 3
3193 3377 1
3193 4196 2
943 3193 3
2191 3193 3
3203 3772 1
3203 2597 3
3319 3954 3
3377 4196 3
943 3377 2
2191 3377 2
1344 3772 3
3772 2597 3
3801 4217 1
3801 1344 3
3884 2245 3
3884 4135 3
1344 4217 3
4280 2981 3
82 2573 3
82 2594 2
82 2890 3
82 2965 2
82 3558 3
4267 82 3
980 82 3
413 539 3
413 1251 1
413 1373 3
413 2016 2
413 2151 3
413 2573 1
413 2594 2
413 2890 1
413 2965 3
413 3294 2
413 3308 1
413 3558 2
413 4267 3
413 780 3
413 2232 3
2870 413 3
3536 413 3
1251 539 2
1373 539 1
2016 539 1
2151 539 2
539 3294 3
3308 539 2
3558 539 3
4267 539 3
1735 539 3
2353 539 3
211 539 3
591 603 3
2332 967 3
1235 1944 1
1251 1373 2
1251 2016 1
1251 2151 2
1251 2573 2
1251 2594 3
1251 2890 2
1251 2965 2
1251 3294 3
1251 3308 2
1251 3558 1
4267 1251 2
3536 1251 3
3691 1251 3
1345 3912 1
1345 4169 2
1373 2016 1
2151 1373 2
1373 3294 3
3308 1373 2
3558 1373 3
4267 1373 3
1373 1735 3
1373 2353 3
1902 2940 3
3430 1902 3
749 1902 3
2016 2151 1
2016 2573 3
2890 2016 3
2016 2965 3
2016 3294 2
2016 3308 1
3558 2016 2
4267 2016 2
2016 1735 3
2016 2353 3
2151 2573 2
2594 2151 3
2890 2151 2
2151 2965 2
2151 3294 3
2151 3308 2
3558 2151 1
4267 2151 3
2346 2151 3
3524 2262 3
2262 3648 3
2573 2594 1
2890 2573 2
2573 2965 2
2573 3294 1
2573 3308 2
3558 2573 1
4267 2573 3
780 2573 3
3793 2573 3
4158 2573 3
2890 2594 1
2594 2965 1
2594 3294 2
2594 3308 3
3558 2594 2
980 2594 3
2380 2594 3
3793 2594 3
2668 244 3
2890 2965 2
2890 3294 3
2890 3308 2
2890 3558 1
2890 4267 3
2890 2380 3
2870 2890 3
3248 2931 3
2965 3294 3
2965 3308 2
3558 2965 1
4267 2965 3
980 2965 3
3308 3294 1
3558 3294 2
4267 3294 3
4305 3294 3
3558 3308 1
4267 3308 2
346 3308 3
2232 3308 3
3308 4305 3
4267 3558 2
3558 346 3
3558 2346 3
3691 3558 3
3558 4158 3
3912 4169 2
244 3912 3
3912 2246 3
346 4267 3
3691 4267 3
943 20 2
20 2191 3
20 2955 2
634 1228 1
634 2673 3
634 3236 3
867 1271 3
943 2191 1
943 2955 2
2204 943 3
2984 943 3
3893 943 3
2550 966 3
2733 966 3
2679 1143 3
1143 4153 3
103 1143 3
1228 2673 2
1228 3236 2
3524 1228 3
1228 1136 3
1344 2597 1
1344 3614 1
1344 3561 3
2068 3248 3
2068 4174 3
2149 2679 3
2191 2955 3
2204 2191 3
2245 1136 3
2245 1881 3
3614 2597 1
2597 2448 3
2597 3561 3
2550 2955 3
2447 2981 3
2981 4174 3
553 3236 3
3648 3236 3
3236 1001 3
1136 3236 3
3236 2505 3
3384 1865 3
3384 2733 3
3614 3561 3
553 3621 3
2550 3621 3
998 3621 3
3621 2505 3
4135 1881 3
346 780 3
346 1239 3
346 1735 2
346 2346 2
2380 346 2
2870 346 1
3536 346 2
346 3691 2
346 3793 2
346 4158 3
346 1919 3
3500 553 3
690 1684 1
690 2180 2
101 690 3
780 980 3
780 1735 3
2346 780 3
2380 780 1
2870 780 2
3536 780 3
3691 780 1
780 3793 3
4158 780 2
780 4305 1
1240 780 3
881 1735 3
881 2353 2
844 881 3
971 374 3
971 1243 3
980 2346 2
2380 980 2
2870 980 3
3536 980 2
980 3793 2
4158 980 1
980 4305 2
1239 1735 3
1239 2332 2
2121 1239 3
1684 2180 1
667 1684 3
2346 1735 2
1735 2353 2
2870 1735 3
3536 1735 2
3691 1735 2
4158 1735 3
1735 4305 2
1735 211 3
844 1735 3
4261 1735 3
1735 4264 3
3373 2082 3
727 2180 3
2232 2353 2
2232 1122 3
2232 2036 3
2380 2346 2
2870 2346 3
3536 2346 2
2346 3691 2
2346 3793 2
2346 4158 1
2346 4305 2
2346 1913 3
2346 3886 3
2353 2313 3
4010 2353 3
2353 4264 3
2870 2380 1
3536 2380 2
2380 3691 2
2380 3793 2
2380 4158 1
2380 4305 2
2870 3536 1
2870 3691 1
2870 3793 1
2870 4158 2
2870 4305 3
2870 4236 3
3399 1096 2
3524 3648 3
3536 3691 2
3536 3793 2
3536 4158 1
3536 4305 2
3536 3135 3
1955 3648 3
3691 3793 2
3691 4158 3
3691 4305 2
3691 1363 3
3691 4330 3
4158 3793 3
3840 714 3
3840 1243 3
3840 1837 3
4158 4305 1
4305 4188 3
29 793 3
101 762 3
762 4009 3
762 4283 3
998 2447 3
998 4153 3
1400 1001 2
1001 2505 1
2925 1001 3
1001 1551 3
1709 1001 3
1001 3246 3
1038 2595 3
1136 3246 3
1271 2055 2
1400 2505 3
1400 2925 2
1544 2571 3
1865 2733 1
1881 3246 3
103 2055 3
3158 2055 3
2447 554 3
2448 299 3
2925 2505 3
1551 2505 3
3246 2505 3
2733 4153 3
1601 2733 3
3158 2733 3
2737 240 3
3087 4153 3
554 4174 3
190 18 3
470 18 2
18 794 3
18 1122 3
18 1362 3
1605 18 3
18 1728 2
18 1807 3
18 2079 1
18 2212 3
18 2446 3
3135 18 2
18 4010 1
18 4129 2
18 4264 2
4330 18 2
101 667 1
101 727 2
101 2060 2
1814 103 3
190 470 1
190 540 2
190 547 3
899 190 2
190 1362 3
190 1605 2
190 1728 3
190 1751 2
190 1807 2
190 1837 3
190 1913 2
190 2067 3
190 2079 3
190 2212 2
259 934 3
2003 374 1
374 1636 3
374 2095 3
470 540 2
899 470 3
470 1363 3
1605 470 1
1751 470 3
470 1807 1
470 1913 3
470 2067 2
470 2079 2
470 2212 1
470 2289 3
470 3135 3
470 4010 3
470 4188 3
470 4264 3
470 4330 3
470 216 3
470 1199 3
497 818 1
497 446 3
497 945 3
497 3786 3
497 4023 3
540 1362 3
1605 540 3
540 1728 3
1751 540 2
540 1807 2
540 1837 3
540 2067 2
540 2212 1
540 2289 3
540 4010 3
540 4129 3
540 4264 3
540 373 3
540 1803 3
899 547 1
1605 547 3
547 1751 3
3631 666 3
666 4219 3
667 727 1
667 2060 1
714 1243 1
714 3794 3
714 446 3
727 2060 2
737 1204 3
1363 737 3
737 1431 3
1751 737 3
1837 737 2
1913 737 3
1919 737 3
2036 737 3
737 3122 3
3625 737 2
4236 737 2
794 1204 3
794 1362 2
1363 794 3
794 1431 3
1605 794 3
794 1728 3
1751 794 3
794 1919 1
794 2036 3
2067 794 3
794 2079 2
794 2212 3
794 2446 2
3135 794 3
794 3625 2
794 4010 2
794 4129 3
794 4264 1
4330 794 1
794 2373 3
794 4023 3
818 1636 3
818 2373 3
818 3908 3
844 665 3
844 1657 3
844 3767 2
899 1240 3
899 1605 2
899 1751 2
4236 899 3
1122 1362 2
1122 1728 1
1122 1919 3
1122 2036 1
1122 2446 2
3135 1122 3
1122 4010 2
1122 4129 2
1122 4264 3
1240 1204 3
1363 1204 2
1204 1431 1
1204 1837 2
1913 1204 3
2067 1204 3
1204 2212 3
3122 1204 1
1204 3625 1
1204 4188 3
4236 1204 3
1204 4264 3
1204 1657 3
1204 3786 3
1363 1240 1
1240 1431 3
1605 1240 3
1913 1240 3
1240 3625 2
1240 4188 1
4236 1240 2
4330 1240 3
1243 412 3
1243 1573 3
1243 1636 3
1362 1728 1
1751 1362 3
1362 1837 2
1362 1913 3
1362 1919 1
1362 2036 1
1362 2079 2
1362 2212 3
1362 2446 2
3135 1362 1
1362 4010 2
1362 4129 2
1362 4264 1
4330 1362 3
1362 1147 3
1362 1573 3
1363 1431 2
1605 1363 2
1363 1837 3
1363 1913 2
1363 2079 3
1363 3122 3
1363 3625 1
1363 4188 2
4236 1363 1
1363 4330 2
1431 1837 2
1913 1431 3
2067 1431 2
1431 2212 3
3122 1431 2
1431 3625 1
1431 4188 3
4236 1431 3
1431 4264 3
1431 495 3
1431 945 3
1431 1657 3
1431 3908 3
1605 1751 2
1605 1807 2
1605 2067 2
1605 2079 3
1605 2212 2
1605 2289 3
1605 3625 3
1605 4236 3
1605 4330 2
1751 1728 3
1728 1837 3
1728 1919 2
1728 2036 2
1728 2079 3
1728 2212 3
1728 2446 1
3135 1728 2
1728 4010 1
1728 4129 1
1728 4264 2
1751 1807 3
1751 1837 3
1751 1919 2
1751 2067 2
1751 2212 2
1751 2289 3
1751 2446 2
1751 3625 3
1751 4236 3
1807 2067 2
1807 2079 3
1807 2212 1
1807 2289 3
1807 4010 3
1807 4264 3
1807 216 3
1807 1199 3
1837 1913 1
1837 1919 3
1837 2036 3
1837 2212 3
3122 1837 2
3135 1837 3
1837 3625 2
1837 4188 3
4236 1837 2
1837 4264 3
1837 1573 3
1913 2079 3
1913 3122 3
1913 3625 3
1913 4188 2
4236 1913 3
1913 3421 3
1919 2036 2
1919 2079 3
1919 2446 1
3135 1919 2
1919 3625 3
1919 4010 3
1919 4129 3
4236 1919 3
1919 4264 2
4330 1919 2
3707 1955 3
2003 446 3
2036 2079 3
2036 2446 3
3135 2036 2
2036 4010 3
2036 4129 3
2036 4264 2
2067 2212 1
2067 2289 2
2067 3625 3
2067 4010 3
2067 4264 3
2067 665 3
2067 2181 3
2067 3109 3
2067 3767 3
2079 2212 3
3135 2079 1
2079 4010 2
2079 4129 3
2079 4188 3
2079 4264 1
4330 2079 1
2177 2661 1
2177 2786 1
2685 2177 3
2289 2212 2
2212 3625 3
2212 4010 2
2212 4129 3
2212 4264 2
2212 216 3
373 2212 3
665 2212 3
1199 2212 3
2212 1803 3
2212 2181 3
3109 2212 3
3767 2212 3
2289 3767 3
3135 2446 3
2446 4010 2
2446 4129 2
2446 4264 3
4330 2446 3
2446 4202 3
2661 2786 2
2717 633 3
2717 1054 3
2685 2786 3
3122 3625 2
4236 3122 3
3135 4010 3
3135 4129 3
3135 4236 3
3135 4264 2
3135 4330 2
3625 4188 3
4236 3625 2
3625 4264 3
4330 3625 3
3625 1657 3
3625 2373 3
3625 4023 3
4129 4010 1
4010 4264 1
4330 4010 3
4010 246 3
4010 446 3
4010 2458 3
4105 934 3
4129 4264 2
4236 4188 3
1936 4188 3
4236 4330 3
4261 1147 3
4261 1415 3
4261 3127 3
4330 4264 2
4264 446 3
1147 4264 3
4264 1636 3
2458 4264 3
4264 3394 3
154 3441 2
299 1660 3
299 1712 3
636 2812 1
636 1585 3
633 887 3
2311 897 3
1192 3534 3
3576 1192 3
4244 1192 3
1709 1551 3
1551 3246 2
1551 1140 3
3276 1551 3
1551 4012 3
1630 1140 3
1709 3246 1
1709 329 3
2812 1585 3
3246 329 3
3246 1140 3
3246 2311 3
3276 3246 3
3275 3526 1
1607 3309 3
3309 1712 3
3309 4215 3
4048 252 3
1886 4283 3
2623 4331 3
1199 216 2
140 216 3
3522 216 3
222 373 3
222 1936 3
246 446 2
945 246 3
246 1187 3
246 1636 3
246 2458 1
2949 246 2
246 3394 3
3786 246 3
4023 246 3
4202 246 2
373 1147 2
373 1803 2
3421 373 3
412 446 2
412 495 3
945 412 3
412 1573 1
412 1636 1
412 2095 2
412 2373 2
2458 412 3
2885 412 2
412 3394 2
3786 412 3
412 3908 2
4023 412 3
3190 412 3
412 4078 3
495 446 2
945 446 1
1187 446 3
1573 446 2
446 1636 1
446 2095 2
2373 446 2
446 2458 1
2885 446 3
446 3394 1
3786 446 1
446 3908 2
4023 446 1
4259 446 3
945 495 1
495 1573 3
495 1636 2
495 2095 3
495 2373 2
495 2458 3
495 3394 1
495 3786 2
495 3908 1
495 4023 2
665 1657 3
665 2181 2
665 3109 2
665 3767 1
665 718 3
665 3735 3
760 1187 1
760 1857 2
760 3747 2
945 1573 3
945 1636 2
945 2095 3
945 2373 2
945 2458 2
945 3394 2
945 3786 1
945 3908 1
945 4023 1
945 4259 3
3097 1091 2
3421 1147 3
1187 1636 3
1857 1187 1
1187 2458 3
1187 3394 3
3747 1187 1
1199 3233 2
1199 140 3
1199 3917 3
1215 3707 2
1816 1507 3
1573 1636 1
1573 2095 2
1573 2373 2
1573 2458 3
2885 1573 2
1573 3394 2
3747 1573 3
1573 3786 3
1573 3908 2
1573 4023 3
3190 1573 3
1573 4078 3
2095 1636 1
2373 1636 1
2458 1636 2
2885 1636 2
3394 1636 1
3786 1636 2
3908 1636 1
4023 1636 2
433 1636 3
3190 1636 3
3419 1636 3
4078 1636 3
1657 3767 2
1657 792 3
2712 1803 3
1857 2373 3
1857 3747 2
1857 4023 3
1936 3421 1
2095 2373 2
2458 2095 3
2885 2095 2
2095 3394 2
3786 2095 3
2095 3908 2
4023 2095 3
2095 433 3
3109 2181 1
3767 2181 2
2888 2181 3
3735 2181 3
2373 2458 3
2885 2373 3
2373 3394 2
2373 3786 2
2373 3908 1
2373 4023 1
2373 3419 3
2949 2458 3
2458 3394 2
3786 2458 2
2458 3908 3
4023 2458 2
4202 2458 3
2685 2414 3
2685 3153 3
2885 3394 3
2885 3908 3
2949 4023 3
2949 4202 2
3109 3767 2
3109 718 3
3109 2553 3
3233 241 3
3786 3394 2
3908 3394 2
4023 3394 2
3421 2859 3
3480 241 3
3707 1744 3
3767 718 3
3767 3735 3
3786 3908 2
3786 4023 1
3786 4259 3
4023 3908 2
3908 3419 3
4023 4202 3
4023 4259 3
3689 4321 3
252 1545 3
409 527 2
527 1660 2
527 3068 2
770 527 3
660 1140 2
660 2311 2
660 3276 2
1140 2311 2
1585 1284 3
3585 1284 3
1465 3329 3
1660 3068 2
4215 1712 2
1796 2311 3
2535 3576 2
2535 4244 2
2623 3393 2
185 3393 3
3534 4244 2
1714 3576 3
3913 1161 3
4012 1552 3
2888 1 2
1 3735 3
111 1137 3
111 2859 2
111 4142 3
111 327 3
140 414 2
140 1632 3
140 2133 3
140 2707 3
140 3265 3
3522 140 1
140 3917 2
140 2130 3
140 3141 3
140 4190 3
2061 241 1
3917 241 2
241 1977 3
3829 241 3
1632 414 1
2133 414 1
2707 414 1
3265 414 1
3522 414 2
3917 414 2
3709 414 3
3937 414 3
3616 433 3
438 1909 1
4081 626 3
718 792 2
797 718 1
718 2553 2
718 2833 2
718 2888 3
718 3735 2
718 1046 3
718 1835 3
4233 718 3
797 792 3
797 2553 3
797 2833 1
797 3735 3
797 4233 3
2859 1137 1
1137 3950 3
1552 3443 3
1632 2133 1
1632 2707 1
1632 3265 1
1632 3522 3
1632 3917 3
1632 3709 3
3438 1744 2
3917 2061 3
2061 3829 3
2133 2707 1
2133 3265 1
2133 3522 3
2133 3917 3
2133 3709 3
2888 2553 2
3735 2553 2
1254 2553 3
2707 3265 1
2707 3522 3
2707 3917 3
2707 3709 3
2712 2897 2
2712 4142 2
2712 902 3
2859 2711 3
2888 3735 1
2888 1835 3
4273 3153 3
3190 4078 2
3190 261 3
3190 295 3
327 3190 3
902 3190 3
3190 3950 3
4013 3190 3
3265 3522 3
3265 3917 3
3265 3709 3
4259 3419 1
3419 1622 3
2298 3419 3
3522 3917 3
3522 3141 3
3735 1046 3
3735 1835 3
52 3917 3
3917 2130 3
3917 3141 3
3307 3917 3
4093 3917 3
3917 4190 3
261 4078 3
4078 295 3
569 4142 3
1375 4142 3
185 188 2
188 3329 3
315 4015 1
696 348 3
2111 1180 2
2634 1180 1
3338 1180 1
1545 355 3
2111 2634 1
2111 3338 3
2634 3338 2
3017 1174 2
197 4015 3
1596 4015 3
52 3709 2
52 3829 2
52 1109 3
156 1707 2
3455 156 2
156 3975 3
156 4100 1
261 295 1
327 261 3
902 261 3
261 3950 3
4013 261 3
327 295 3
902 295 3
2711 295 3
295 3950 2
4013 295 3
295 431 3
327 902 2
327 3950 3
327 4013 2
2876 902 3
902 3950 3
902 4013 1
1046 1622 3
1046 1835 1
1046 2298 3
3814 1254 3
4233 1254 2
4005 1375 2
1835 1622 3
2298 1622 1
1622 49 3
1622 1954 3
1707 3975 3
1707 4100 1
1835 2298 3
2130 1977 3
3141 1977 3
3616 1977 3
4100 1977 3
4190 1977 2
1977 1253 3
1583 1977 3
1979 4260 2
1979 1592 3
1979 1593 3
2130 3141 1
2130 3616 3
3975 2130 3
2130 4190 1
2876 2197 2
2197 3950 3
2298 1954 3
2399 3370 2
2599 2466 3
2599 3232 3
2711 3950 1
2876 4013 3
3141 3616 3
3975 3141 3
3141 4190 1
3307 3709 2
3307 3829 2
3307 4221 3
2466 3443 3
3455 3975 1
3455 4100 3
3585 2098 3
4190 3616 2
3709 1125 3
3709 1547 3
3814 4233 1
3829 1583 3
4093 3937 2
3937 1571 3
3937 3014 3
4013 3950 3
3950 431 3
3950 2539 3
3975 4100 2
3975 4190 3
4005 930 3
4081 968 3
4093 930 3
4233 4221 3
4260 1592 3
4260 1593 3
4260 3955 2
197 1596 2
847 355 3
355 3279 3
2803 422 3
1668 422 3
422 3327 3
423 432 2
2666 423 1
2666 432 1
696 3279 3
2099 2803 3
2803 3450 3
3004 4271 3
4197 3716 3
3872 3966 3
44 431 2
44 3053 2
45 968 2
1012 49 2
1954 49 1
2683 49 2
49 2722 2
270 187 2
2334 187 2
3960 187 1
3061 187 3
270 2334 3
270 3960 3
512 270 3
270 622 3
3053 431 2
929 1109 3
929 1125 1
929 1547 3
929 3323 1
929 4221 3
930 3014 2
1012 1954 1
1012 2683 2
4222 1012 3
1109 1125 2
1109 2170 1
1109 3323 3
1109 4278 1
1109 1247 3
1125 1547 2
1125 2170 3
1125 3323 1
1125 4221 2
1125 4278 3
1125 1202 3
1783 1253 2
2865 1253 2
4297 1253 2
509 1403 3
1403 894 3
1490 1179 3
1547 3323 3
1547 1202 3
1571 3014 2
1571 3288 3
1583 1963 3
1592 1593 2
1592 3955 2
1592 366 3
3955 1593 2
366 1593 3
1783 4297 2
2683 1954 2
1954 2722 3
4222 1954 3
2098 3232 3
3974 2098 3
2170 4278 1
2334 3960 3
2334 622 3
2539 3518 3
129 2576 3
2576 1202 2
3014 3288 3
3225 1963 3
3323 4221 3
3668 2799 3
3960 3061 3
4221 129 3
4221 2344 3
2565 2860 3
847 2284 3
1396 1496 2
1396 3815 1
1496 3815 1
1668 3327 3
3211 3785 3
3815 1659 3
4092 466 3
4092 1839 3
129 1202 2
129 2799 2
512 3061 2
1179 1478 3
1247 1202 2
1202 2950 3
1247 2799 2
1247 3550 3
1478 2005 3
1963 248 3
1963 3411 3
2344 3468 2
2344 4203 2
2799 248 3
2799 1121 3
3061 1538 3
3224 2392 3
3518 2392 3
4203 1121 3
4203 3411 3
324 1213 3
2581 4258 3
3550 248 2
248 3228 3
1121 3228 3
1456 1917 1
2392 3749 3
2585 2378 3
2950 1439 3
3411 3228 3
3454 3673 2
3673 3993 3
552 3489 3
2734 3695 2
1439 339 2
1792 339 2
1359 1201 3
1439 1903 2
1439 2455 2
1439 2751 3
1792 2455 2
477 4316 2
3873 2358 3
2436 3676 3
1103 3676 3
3538 1472 3
1671 928 3
1472 41 3
928 237 3
2639 41 2
112 694 1
694 2752 3
2186 3290 2
2164 1167 3
2164 4180 3
1358 3027 3
