1610 2554 98.366
2554 2484 97.8151
3382 4052 98.1289
3382 2175 99.3763
2441 2504 97.1922
3218 3372 98.9107
3982 1145 98.1132
351 2905 97.4648
3214 2608 97.7401
2412 2475 100
2162 2282 98.2353
2162 448 98.8166
2162 4028 97.0238
2282 448 99.4083
2282 4028 98.8095
3448 1278 97.281
3448 1927 97.2477
448 4028 98.2036
3790 2041 97.1429
1445 2909 98.4326
870 2054 100
870 2507 99.3671
2054 2507 99.3671
1927 2508 99.0536
3589 505 98.7261
3589 1965 97.4026
1541 2041 98.3819
1541 307 97.3856
1541 2499 97.0492
1541 2978 97.01
2041 307 97.0492
2041 105 97.6898
2041 2978 97.3333
772 307 99.3421
772 2499 97.0297
772 3353 98.6755
2499 4179 97.6589
2499 2978 97.2973
1965 1706 97.6271
3586 3204 98.6486
3586 3247 97.2789
2 2978 97.6271
2 2559 97.2789
746 4274 98.6301
548 2829 98.6395
3204 3247 98.6301
3652 1436 97.2028
3652 2906 97.1831
3652 664 97.1831
260 332 97.1631
260 2382 97.1631
260 106 97.1631
260 4175 97.1429
4008 243 98.5915
4008 1436 98.9399
4008 2906 97.5089
4008 664 97.5089
3863 332 98.5714
3863 2382 98.5714
3863 4175 97.1223
3863 3446 97.8261
3863 1586 97.8261
132 2224 98.5714
132 106 97.1429
132 3446 97.1014
132 1586 97.1014
2382 4175 98.5507
2382 3446 98.5401
2382 1586 98.5401
2382 88 97.037
2224 106 98.5612
2224 3446 97.0803
2224 1586 97.0803
2906 664 100
2906 2325 97.037
2906 3888 97.037
2906 3392 97.0149
664 2325 97.037
664 3888 97.037
664 3392 97.0149
4185 3627 97.3783
2325 3888 100
2325 3392 98.4733
1815 3431 100
1815 3030 100
1815 3877 100
1815 1781 97.2763
3431 3030 100
3431 3877 100
3431 1781 97.2763
3030 3877 100
3030 1781 97.2763
3888 3392 98.4733
2881 2468 97.2763
88 3217 97.6744
1646 2570 99.6139
2642 1409 98.008
345 38 97.1888
1409 3764 97.5806
4225 883 97.0711
1188 969 98.3333
426 2127 97.0213
149 1692 97.3684
149 3685 97.7974
2218 1651 97.3684
2051 1522 97.3451
2051 3472 97.3214
2051 2835 97.3214
1017 3342 97.3214
1017 756 97.7578
1194 3342 99.5516
1194 756 98.1982
1194 2343 97.7169
15 207 98.2143
2415 4201 98.1481
3311 2343 97.6959
3472 1291 97.6744
3472 1056 97.1963
2878 1056 97.1963
1833 1693 97.1154
2343 3818 98.0952
2724 28 97.0588
1056 2719 98.0583
1056 3079 97.0588
1056 3962 97.0588
3827 2119 98.5507
3827 313 98.0583
3827 1568 97.0297
1486 3251 97.1154
1806 3997 97.0297
4131 2488 98.0583
2119 313 97.561
863 3671 97.4874
313 1568 98
2900 232 97.4359
2137 4308 97.9592
289 2419 97.9798
3079 3962 100
1568 1219 97.4359
3671 3973 97.3822
3671 3510 97.3545
3777 2524 97.8947
2759 4308 97.4093
832 1361 100
832 3230 97.8723
1361 3230 97.8723
986 611 98.4127
2659 529 100
587 1731 97.8723
978 2530 97.9381
3335 3272 97.8723
2464 576 97.8495
2773 2943 97.8723
3191 1770 98.3784
2524 1987 97.8495
611 576 97.8261
1987 3727 98.913
1987 2907 97.8022
3230 2652 97.2067
3272 2907 97.2376
1770 3998 97.2067
2691 1914 98.3607
2691 2669 97.8022
2691 623 97.8022
2691 1566 97.7778
2266 3106 97.1751
1914 2669 97.2376
1914 623 97.2376
1914 1566 97.2067
1914 778 97.7528
62 2189 100
576 3998 97.7528
3945 2142 97.7528
2794 3078 100
2794 2606 98.3051
2794 3162 97.7273
2586 4165 97.7273
3911 2520 97.7778
3911 325 97.7778
3911 2348 97.7778
3911 1856 97.7778
2520 325 100
2520 2348 97.7778
2520 1856 100
3078 2606 98.3051
3078 3162 97.7273
2348 1856 97.7778
1333 864 99.435
1333 396 97.7011
860 2898 100
860 1904 97.1098
1073 3679 100
1073 710 99.435
2907 3857 97.1429
2898 1904 97.1098
3679 710 99.435
1058 903 97.1098
962 1391 100
962 1505 100
962 1591 97.7011
864 396 98.2659
864 2057 97.076
1566 778 98.2857
1566 2084 97.076
1391 1505 100
1391 1591 97.7011
3881 4176 97.6744
2422 2117 98.2456
110 116 98.2659
3924 317 97.6744
3198 1407 100
1549 317 97.6744
1549 3800 97.6471
1957 1350 97.076
4058 4302 97.6471
4058 857 97.6471
3471 4059 97.6471
3857 2302 98.2249
1097 3812 100
1097 1922 100
3812 1922 100
116 2174 98.2249
1591 3474 97.006
960 1873 97.006
960 144 97.006
937 3368 100
937 1840 100
937 104 98.2036
937 763 98.2036
1082 1487 97.5904
819 1426 100
243 1436 97.5089
243 2906 98.9247
243 664 98.9247
2600 920 97.619
396 2057 98.8095
2143 3142 99.4083
2674 3074 98.9247
317 3800 97.619
3368 1840 100
3368 104 98.2036
3368 763 98.2036
3977 4248 100
3977 92 100
4302 857 100
3869 1536 99.4012
3869 4295 97.5904
1350 2515 97.5904
4176 2312 97.561
2237 3658 97.006
4248 92 100
2270 2620 97.561
2393 3404 100
2084 2442 98.1595
758 3929 100
1536 4295 98.1818
1715 2587 98.1818
1715 253 98.1818
1762 1357 97.561
1762 171 97.561
1762 779 97.561
2198 4295 98.7805
2198 1713 98.1366
2198 2912 98.1366
2198 1642 97.5
3505 2108 98.1595
3505 1732 98.1366
4295 1713 98.1366
4295 2912 98.1366
4295 2449 97.5
4295 1993 97.5
104 763 100
571 2546 97.5309
2726 4299 100
1357 171 100
1357 779 100
3355 90 100
3355 1557 100
4282 1997 100
90 1557 100
3199 4164 97.4684
1969 2653 100
1969 1600 97.5309
1969 2276 98.1132
1969 1168 98.1132
1969 292 98.1132
1969 875 97.4684
2108 1732 97.5
2107 564 97.4684
2653 1600 97.5309
2653 2276 98.1132
2653 1168 98.1132
2653 292 98.1132
2653 875 97.4684
4066 1325 97.5
3096 455 100
3096 2541 100
3096 947 100
3096 609 98.1132
3096 754 97.4684
3096 2893 98.0892
3096 3481 98.0892
563 3601 100
563 915 100
3860 3919 100
3860 1633 100
3860 3018 98.7342
3860 2954 97.4359
3860 1268 97.4359
3860 1225 97.4359
3860 3512 97.4359
3860 254 97.4359
3919 1633 100
3919 3018 98.7342
3919 2954 97.4359
3919 1268 97.4359
3919 1225 97.4359
3919 3512 97.4359
3919 254 97.4359
1983 3900 100
3396 828 98.7654
1039 3192 97.4684
1039 615 97.4359
1633 3018 98.7342
1633 2954 97.4359
1633 1268 97.4359
1633 1225 97.4359
1633 3512 97.4359
1633 254 97.4359
3601 915 100
2312 3192 97.4684
2312 1193 98.7342
2312 663 97.4359
455 2541 100
455 947 100
455 609 98.1132
455 754 97.4684
455 2893 98.0892
455 3481 98.0892
2541 947 100
2541 609 98.1132
2541 754 97.4684
2541 2893 98.0892
2541 3481 98.0892
947 609 98.1132
947 754 97.4684
947 2893 98.0892
947 3481 98.0892
2706 3271 98.7342
2706 1726 97.4359
2706 3010 97.4359
2706 3746 97.4359
2706 933 97.4359
2706 2552 97.4359
2996 3938 100
2522 1772 98.1366
165 3774 97.4359
1759 202 97.4684
1759 1510 97.4684
1759 522 97.4684
202 1510 100
202 522 100
202 352 98.0645
202 674 98.0645
202 3151 98.0645
202 3160 98.0645
202 1061 98.0645
678 4164 97.4359
1510 522 100
1510 352 98.0645
1510 674 98.0645
1510 3151 98.0645
1510 3160 98.0645
1510 1061 98.0645
2222 1558 97.4684
2222 1929 97.4026
522 352 98.0645
522 674 98.0645
522 3151 98.0645
522 3160 98.0645
522 1061 98.0645
2434 3620 100
2472 4199 98.7179
609 875 97.4359
1558 1929 97.4026
3091 3213 97.4684
3484 1418 100
3918 1688 97.4359
3918 2893 98.7179
3918 3481 98.7179
3775 4309 98.0892
3775 1171 98.0892
3775 2850 98.0892
3775 3544 98.0892
3775 3541 98.0892
3775 1726 98.0645
3775 3010 98.0645
3775 3746 98.0645
3775 933 98.0645
3775 2552 98.0645
1307 1236 100
3271 2276 97.4359
3271 1168 97.4359
3271 2090 98.0392
3271 1459 98.0392
3271 2118 98.0392
3271 3016 97.3684
3271 436 97.3684
3271 2221 97.3684
3271 3930 97.3684
3271 419 97.3684
3271 4293 97.3684
3271 4111 97.3684
3271 1153 97.3684
3271 4183 97.3684
3271 513 97.3684
3271 824 97.3684
3271 3462 97.3684
3271 3687 97.3684
3271 331 97.3684
1442 2735 100
3192 1193 98.7179
3192 566 98.0645
3192 3391 97.3684
2276 1168 100
2276 292 98.7179
2276 1688 98.0645
2276 2090 98.0392
2276 1459 98.0392
2276 2118 98.0392
1168 292 98.7179
1168 1688 98.0645
1168 2090 98.0392
1168 1459 98.0392
1168 2118 98.0392
1171 2850 100
1171 3544 100
1171 3541 100
1171 1726 97.4026
1171 3010 97.4026
1171 3746 97.4026
1171 933 97.4026
1171 2552 97.4026
1171 3675 98.7013
1171 3398 97.3684
1171 810 97.3684
1193 182 97.3684
1193 3391 97.3684
1207 4125 97.4026
2748 2405 98.7179
2748 677 98.0645
2449 3494 98.7179
2449 1993 100
2449 1642 98.7179
2449 3018 97.4359
2449 2209 97.3684
2449 2575 97.3684
2449 4094 97.3684
2449 2480 97.3684
2449 3344 97.3684
2449 3506 97.3684
2449 2340 97.3684
292 1688 98.0645
292 2090 98.0392
292 1459 98.0392
292 2118 98.0392
1993 1642 98.7179
1993 3018 97.4359
1993 2209 97.3684
1993 2575 97.3684
1993 4094 97.3684
1993 2480 97.3684
1993 3344 97.3684
1993 3506 97.3684
1993 2340 97.3684
2405 677 99.3548
3544 3541 100
3544 1726 97.4026
3544 3010 97.4026
3544 3746 97.4026
3544 933 97.4026
3544 2552 97.4026
3544 3675 98.7013
3544 3398 97.3684
3544 810 97.3684
2171 385 98.7013
320 3637 98.0645
320 4029 97.3684
3883 2474 100
3541 1726 97.4026
3541 3010 97.4026
3541 3746 97.4026
3541 933 97.4026
3541 2552 97.4026
3541 3675 98.7013
3541 3398 97.3684
3541 810 97.3684
1184 1878 97.3684
853 4003 100
2756 615 99.3464
2756 939 98.0392
2756 4120 98.0392
2756 3391 98.0132
2893 3481 100
2020 425 97.3333
21 304 97.3684
615 939 97.3684
615 4120 97.3684
615 3391 97.3333
2954 1268 100
2954 1225 100
2954 1603 97.3684
2954 3512 100
2954 254 100
2954 43 97.9866
2954 2257 97.2973
2954 3138 97.2973
2954 4294 97.2973
2954 882 97.2973
2954 2362 97.2973
2954 582 97.2973
2954 1867 97.2973
2954 2538 97.2973
2954 1978 97.2973
2954 318 97.2973
2954 3515 97.2973
2954 3769 97.2973
2954 2042 97.2973
3010 3746 100
3010 933 100
3010 2552 100
3010 3016 98.6667
3010 436 98.6667
3010 2221 98.6667
3010 3930 98.6667
3010 419 98.6667
3010 4293 98.6667
3010 4111 98.6667
3010 1153 98.6667
3010 4183 98.6667
3010 513 98.6667
3010 824 98.6667
3010 3462 98.6667
3010 3687 98.6667
3010 331 98.6667
3010 3542 97.2973
886 1829 100
1268 1225 100
1268 1603 97.3684
1268 3512 100
1268 254 100
1268 43 97.9866
1268 2257 97.2973
1268 3138 97.2973
1268 4294 97.2973
1268 882 97.2973
1268 2362 97.2973
1268 582 97.2973
1268 1867 97.2973
1268 2538 97.2973
1268 1978 97.2973
1268 318 97.2973
1268 3515 97.2973
1268 3769 97.2973
1268 2042 97.2973
1227 28 98.5075
3584 1606 97.3333
3584 3734 97.9866
933 2552 100
933 3016 98.6667
933 436 98.6667
933 2221 98.6667
933 3930 98.6667
933 419 98.6667
933 4293 98.6667
933 4111 98.6667
933 1153 98.6667
933 4183 98.6667
933 513 98.6667
933 824 98.6667
933 3462 98.6667
933 3687 98.6667
933 331 98.6667
933 3542 97.2973
1349 924 97.2973
2552 3016 98.6667
2552 436 98.6667
2552 2221 98.6667
2552 3930 98.6667
2552 419 98.6667
2552 4293 98.6667
2552 4111 98.6667
2552 1153 98.6667
2552 4183 98.6667
2552 513 98.6667
2552 824 98.6667
2552 3462 98.6667
2552 3687 98.6667
2552 331 98.6667
2552 3542 97.2973
1368 4145 100
2503 3571 100
1225 1603 97.3684
1225 3512 100
1225 254 100
1225 43 97.9866
1225 2257 97.2973
1225 3138 97.2973
1225 4294 97.2973
1225 882 97.2973
1225 2362 97.2973
1225 582 97.2973
1225 1867 97.2973
1225 2538 97.2973
1225 1978 97.2973
1225 318 97.2973
1225 3515 97.2973
1225 3769 97.2973
1225 2042 97.2973
352 674 100
352 3151 100
352 3160 100
352 1061 100
352 3398 97.3333
352 810 97.3333
674 3151 100
674 3160 100
674 1061 100
674 3398 97.3333
674 810 97.3333
1603 3512 97.3684
1603 3660 97.3684
1603 254 97.3684
1603 2209 98.6667
1603 2575 98.6667
1603 4094 98.6667
1603 2480 98.6667
1603 3344 98.6667
1603 3506 98.6667
1603 2340 98.6667
3160 1061 100
3160 3398 97.3333
3160 810 97.3333
395 2058 97.3684
1293 2580 98.0132
1293 250 98.0132
1293 1661 97.9866
1293 4300 97.9866
1293 2136 97.9866
1293 2827 97.9866
1293 2309 97.9866
1293 2146 97.2973
663 3391 97.3333
663 201 97.3333
2215 2593 100
3675 3016 97.3333
3675 436 97.3333
3675 2221 97.3333
3675 3930 97.3333
3675 419 97.3333
3675 3398 98.6667
3675 4293 97.3333
3675 4111 97.3333
3675 1153 97.3333
3675 4183 97.3333
3675 513 97.3333
3675 824 97.3333
3675 810 98.6667
3675 3462 97.3333
3675 3687 97.3333
3675 331 97.3333
3675 2146 97.2973
1061 3398 97.3333
1061 810 97.3333
3940 3095 98.6667
3573 3134 97.3333
3573 2090 97.3333
3573 719 97.3333
3573 1459 97.3333
3573 2118 97.3333
1704 3732 97.9866
3134 2090 97.3333
3134 719 100
3134 1459 97.3333
3134 2118 97.3333
2213 1878 97.3333
1740 1387 97.619
4097 2720 97.2973
528 3038 97.9866
528 2259 98.6486
3602 3029 100
2090 719 97.3333
2090 1459 100
2090 2118 100
2090 931 97.9592
2090 2519 97.2603
1878 3703 97.2603
3076 1931 98.1132
719 1459 97.3333
719 2118 97.3333
408 3899 97.9866
408 217 97.9866
408 2257 97.9592
408 3138 97.9592
408 4294 97.9592
408 882 97.9592
408 2362 97.9592
408 582 97.9592
408 1867 97.9592
408 2538 97.9592
408 1978 97.9592
408 318 97.9592
408 3515 97.9592
408 3769 97.9592
408 2042 97.9592
1459 2118 100
1459 931 97.9592
1459 2519 97.2603
2118 931 97.9592
2118 2519 97.2603
717 3016 97.2973
717 436 97.2973
717 2221 97.2973
717 3930 97.2973
717 1776 100
717 652 100
717 419 97.2973
717 4293 97.2973
717 4111 97.2973
717 1153 97.2973
717 4183 97.2973
717 513 97.2973
717 2817 100
717 1220 100
717 824 97.2973
717 811 100
717 3462 97.2973
717 3687 97.2973
717 2131 97.2973
717 331 97.2973
717 226 100
3038 2259 99.3197
3016 436 100
3016 2221 100
3016 3930 100
3016 1776 97.2973
3016 652 97.2973
3016 419 100
3016 4293 100
3016 4111 100
3016 1153 100
3016 4183 100
3016 513 100
3016 2817 97.2973
3016 1220 97.2973
3016 824 100
3016 811 97.2973
3016 3462 100
3016 3687 100
3016 2131 97.2973
3016 331 100
3016 226 97.2973
3016 3542 98.6301
2209 2575 100
2209 4094 100
2209 2480 100
2209 3344 100
2209 3506 100
2209 2340 100
2209 341 97.9592
2209 3508 97.2603
4138 3677 97.2222
74 3635 100
74 1178 100
74 3508 97.2603
2199 1079 97.9592
2199 974 97.9592
2199 3171 97.9592
2199 684 97.9592
3178 1812 97.9592
3178 361 97.931
3178 1473 97.931
3178 1273 97.931
2221 3930 100
2221 1776 97.2973
2221 652 97.2973
2221 419 100
2221 4293 100
2221 4111 100
2221 1153 100
2221 4183 100
2221 513 100
2221 2817 97.2973
2221 1220 97.2973
2221 824 100
2221 811 97.2973
2221 3462 100
2221 3687 100
2221 2131 97.2973
2221 331 100
2221 226 97.2973
2221 3542 98.6301
1606 3734 99.3197
647 2487 100
647 2797 97.2973
647 2789 97.931
647 2749 97.931
652 419 97.2973
652 4293 97.2973
652 4111 97.2973
652 1153 97.2973
652 4183 97.2973
652 513 97.2973
652 2817 100
652 1220 100
652 824 97.2973
652 811 100
652 3462 97.2973
652 3687 97.2973
652 2131 97.2973
652 331 97.2973
652 226 100
4094 2480 100
4094 3344 100
4094 3506 100
4094 2340 100
4094 341 97.9592
4094 3508 97.2603
3398 810 100
3398 3542 97.2603
3398 1155 97.931
3398 3591 97.931
3398 2291 97.2222
3398 1211 97.2222
3398 1402 97.2222
4293 4111 100
4293 1153 100
4293 4183 100
4293 513 100
4293 2817 97.2973
4293 1220 97.2973
4293 824 100
4293 811 97.2973
4293 3462 100
4293 3687 100
4293 2131 97.2973
4293 331 100
4293 226 97.2973
4293 3542 98.6301
2487 2797 97.2973
2487 2789 97.931
2487 2749 97.931
3510 62 99.4536
3510 2189 99.4536
1153 4183 100
1153 513 100
1153 2817 97.2973
1153 1220 97.2973
1153 824 100
1153 811 97.2973
1153 3462 100
1153 3687 100
1153 2131 97.2973
1153 331 100
1153 226 97.2973
1153 3542 98.6301
824 811 97.2973
824 3462 100
824 3687 100
824 2131 97.2973
824 331 100
824 226 97.2973
824 3542 98.6301
2797 3642 97.931
3344 3506 100
3344 2340 100
3344 341 97.9592
3344 3508 97.2603
811 3462 97.2973
811 3687 97.2973
811 2131 97.2973
811 331 97.2973
811 226 100
810 3542 97.2603
810 1155 97.931
810 3591 97.931
810 2291 97.2222
810 1211 97.2222
810 1402 97.2222
1278 3790 98.1481
3635 1178 100
3635 3508 97.2603
1178 3508 97.2603
1105 2748 98.7179
1105 2405 100
1105 677 99.3548
3462 3687 100
3462 2131 97.2973
3462 331 100
3462 226 97.2973
3462 3542 98.6301
3687 2131 97.2973
3687 331 100
3687 226 97.2973
3687 3542 98.6301
2131 331 97.2973
2131 226 97.2973
331 226 97.2973
331 3542 98.6301
2340 341 97.9592
2340 3508 97.2603
1661 4300 100
1661 2136 100
1661 2827 100
1661 2309 100
4300 2136 100
4300 2827 100
4300 2309 100
979 2281 99.3103
3866 1429 97.9021
1079 974 100
1079 3171 100
1079 684 100
1079 3740 97.2603
2625 3876 98.3193
268 3039 97.2222
268 3630 97.2222
268 3753 97.2222
268 2917 97.1831
2480 3344 100
2480 3506 100
2480 2340 100
2480 341 97.9592
2480 3508 97.2603
123 2178 100
123 724 98.6111
3171 684 100
3171 3740 97.2603
341 3508 99.3103
341 1618 97.931
341 997 97.931
2136 2827 100
2136 2309 100
2827 2309 100
2720 2017 97.1831
913 7 98.6111
1812 361 97.2222
1812 1473 97.2222
1812 1273 97.2222
2178 724 98.6111
217 2257 97.2603
217 3138 97.2603
217 4294 97.2603
217 882 97.2603
217 2362 97.2603
217 582 97.2603
217 1867 97.2603
217 2538 97.2603
217 1978 97.2603
217 318 97.2603
217 3515 97.2603
217 3769 97.2603
217 2042 97.2603
2574 3483 97.2222
119 223 100
119 2927 97.1831
2257 3138 100
2257 4294 100
2257 882 100
2257 2362 100
2257 582 100
2257 1867 100
2257 2538 100
2257 1978 100
2257 318 100
2257 3515 100
2257 3769 100
2257 2042 100
2257 3326 98.5915
2257 1336 98.5915
2257 501 98.5915
3138 4294 100
3138 882 100
3138 2362 100
3138 582 100
3138 1867 100
3138 2538 100
3138 1978 100
3138 318 100
3138 3515 100
3138 3769 100
3138 2042 100
3138 3326 98.5915
3138 1336 98.5915
3138 501 98.5915
4294 882 100
4294 2362 100
4294 582 100
4294 1867 100
4294 2538 100
4294 1978 100
4294 318 100
4294 3515 100
4294 3769 100
4294 2042 100
4294 3326 98.5915
4294 1336 98.5915
4294 501 98.5915
2146 3543 97.9021
2146 2854 97.9021
2146 3598 97.9021
2146 2964 97.9021
2146 743 97.9021
2146 1787 97.9021
2146 2291 97.1831
2146 1211 97.1831
2146 1402 97.1831
2146 1639 97.1429
2146 3841 97.1429
2146 3665 97.1429
2146 1353 97.1429
2146 3507 97.1429
2146 2357 97.1429
2146 613 97.1429
2146 610 97.1429
2146 941 97.1429
2146 1460 97.1429
2146 706 97.1429
2146 2572 97.1429
1845 305 100
3200 3914 100
3200 4191 98.5915
3200 4095 98.5915
2986 264 97.1831
882 2362 100
882 582 100
882 1867 100
882 2538 100
882 1978 100
882 318 100
882 3515 100
882 3769 100
882 2042 100
882 3326 98.5915
882 1336 98.5915
882 501 98.5915
2362 582 100
2362 1867 100
2362 2538 100
2362 1978 100
2362 318 100
2362 3515 100
2362 3769 100
2362 2042 100
2362 3326 98.5915
2362 1336 98.5915
2362 501 98.5915
3754 2112 97.1831
3754 1047 97.1831
582 1867 100
582 2538 100
582 1978 100
582 318 100
582 3515 100
582 3769 100
582 2042 100
582 3326 98.5915
582 1336 98.5915
582 501 98.5915
1867 2538 100
1867 1978 100
1867 318 100
1867 3515 100
1867 3769 100
1867 2042 100
1867 3326 98.5915
1867 1336 98.5915
1867 501 98.5915
2538 1978 100
2538 318 100
2538 3515 100
2538 3769 100
2538 2042 100
2538 3326 98.5915
2538 1336 98.5915
2538 501 98.5915
3914 4191 98.5915
3914 4095 98.5915
1978 318 100
1978 3515 100
1978 3769 100
1978 2042 100
1978 3326 98.5915
1978 1336 98.5915
1978 501 98.5915
3508 1618 97.2222
3508 997 97.2222
3508 1217 97.1429
3508 800 97.1429
3508 2660 97.1429
318 3515 100
318 3769 100
318 2042 100
318 3326 98.5915
318 1336 98.5915
318 501 98.5915
3515 3769 100
3515 2042 100
3515 3326 98.5915
3515 1336 98.5915
3515 501 98.5915
3089 3858 97.1831
3542 1670 97.8723
3542 1641 97.8723
3542 2654 97.8723
3542 3537 97.8723
3542 988 97.8723
3542 1849 97.8723
3542 2864 97.8723
3542 1102 97.8723
3542 3139 97.8723
3542 3999 97.8723
3542 2819 97.8723
3542 1210 97.8723
3542 731 97.8723
3542 1080 97.8723
3542 2610 97.8723
3542 3102 97.8723
3542 1639 97.1429
3542 3841 97.1429
3542 3665 97.1429
3542 1353 97.1429
3542 3507 97.1429
3542 2357 97.1429
3542 613 97.1429
3542 610 97.1429
3542 941 97.1429
3542 1460 97.1429
3542 706 97.1429
3542 2572 97.1429
2580 250 100
2580 1661 97.2973
2580 4300 97.2973
2580 2136 97.2973
2580 2827 97.2973
2580 2309 97.2973
223 2927 97.1831
2042 3326 98.5915
2042 1336 98.5915
2042 501 98.5915
3039 3090 97.1831
3039 3630 100
3039 3753 100
2789 2749 100
3033 3703 97.1831
2115 2941 97.1429
2115 698 97.8417
733 4 100
3090 3630 97.1831
3090 3753 97.1831
4167 4159 100
4167 3407 97.1831
4167 891 97.1429
4167 1123 97.1014
3543 2854 100
3543 3598 100
3543 2964 100
3543 743 100
3543 1787 100
3543 2291 97.8723
3543 1211 97.8723
3543 1402 97.8723
3543 1639 97.8417
3543 3841 97.8417
3543 3665 97.8417
3543 1353 97.8417
3543 3507 97.8417
3543 2357 97.8417
3543 613 97.8417
3543 610 97.8417
3543 941 97.8417
3543 1460 97.8417
3543 706 97.8417
3543 2572 97.8417
361 2916 97.1831
361 1473 100
361 1273 100
361 2558 97.1429
361 1355 97.1429
2854 3598 100
2854 2964 100
2854 743 100
2854 1787 100
2854 2291 97.8723
2854 1211 97.8723
2854 1402 97.8723
2854 1639 97.8417
2854 3841 97.8417
2854 3665 97.8417
2854 1353 97.8417
2854 3507 97.8417
2854 2357 97.8417
2854 613 97.8417
2854 610 97.8417
2854 941 97.8417
2854 1460 97.8417
2854 706 97.8417
2854 2572 97.8417
3769 2042 100
3769 3326 98.5915
3769 1336 98.5915
3769 501 98.5915
1412 3194 97.1831
234 2645 97.1831
234 2547 100
234 2065 97.1831
234 391 97.1429
234 1198 97.1014
234 3111 97.1014
724 2018 97.1831
724 837 97.1014
724 1177 97.1014
2290 242 97.1429
3512 254 100
3512 43 97.9866
3512 2257 97.2973
3512 3138 97.2973
3512 4294 97.2973
3512 882 97.2973
3512 2362 97.2973
3512 582 97.2973
3512 1867 97.2973
3512 2538 97.2973
3512 1978 97.2973
3512 318 97.2973
3512 3515 97.2973
3512 3769 97.2973
3512 2042 97.2973
1155 3591 100
1155 1670 97.1429
1155 2941 97.1429
1155 1641 97.1429
1155 2654 97.1429
1155 3537 97.1429
1155 988 97.1429
1155 2558 98.5714
1155 1849 97.1429
1155 2864 97.1429
1155 1102 97.1429
1155 3139 97.1429
1155 3999 97.1429
1155 2819 97.1429
1155 1210 97.1429
1155 1355 98.5714
1155 731 97.1429
1155 1080 97.1429
1155 2610 97.1429
1155 3102 97.1429
2964 743 100
2964 1787 100
2964 2291 97.8723
2964 1211 97.8723
2964 1402 97.8723
2964 1639 97.8417
2964 3841 97.8417
2964 3665 97.8417
2964 1353 97.8417
2964 3507 97.8417
2964 2357 97.8417
2964 613 97.8417
2964 610 97.8417
2964 941 97.8417
2964 1460 97.8417
2964 706 97.8417
2964 2572 97.8417
743 1787 100
743 2291 97.8723
743 1211 97.8723
743 1402 97.8723
743 1639 97.8417
743 3841 97.8417
743 3665 97.8417
743 1353 97.8417
743 3507 97.8417
743 2357 97.8417
743 613 97.8417
743 610 97.8417
743 941 97.8417
743 1460 97.8417
743 706 97.8417
743 2572 97.8417
3591 1670 97.1429
3591 2941 97.1429
3591 1641 97.1429
3591 2654 97.1429
3591 3537 97.1429
3591 988 97.1429
3591 2558 98.5714
3591 1849 97.1429
3591 2864 97.1429
3591 1102 97.1429
3591 3139 97.1429
3591 3999 97.1429
3591 2819 97.1429
3591 1210 97.1429
3591 1355 98.5714
3591 731 97.1429
3591 1080 97.1429
3591 2610 97.1429
3591 3102 97.1429
1921 3412 100
532 3703 97.1831
532 1503 97.8723
4144 1315 97.7778
1787 2291 97.8723
1787 1211 97.8723
1787 1402 97.8723
1787 1639 97.8417
1787 3841 97.8417
1787 3665 97.8417
1787 1353 97.8417
1787 3507 97.8417
1787 2357 97.8417
1787 613 97.8417
1787 610 97.8417
1787 941 97.8417
1787 1460 97.8417
1787 706 97.8417
1787 2572 97.8417
1473 1273 100
1473 2558 97.1429
1473 1355 97.1429
3630 3753 100
1273 2558 97.1429
1273 1355 97.1429
2519 2938 97.8417
3858 3928 97.1014
1729 1700 99.2806
2112 1047 100
1761 2821 97.1014
2927 4251 98.5714
2927 544 97.1014
2927 3855 97.0588
1619 2492 100
1619 3588 97.1014
1619 4287 97.1014
1619 3721 97.8102
2291 1211 100
2291 1402 100
2291 1639 97.1014
2291 3841 97.1014
2291 3665 97.1014
2291 1353 97.1014
2291 3507 97.1014
2291 2357 97.1014
2291 613 97.1014
2291 610 97.1014
2291 941 97.1014
2291 1460 97.1014
2291 706 97.1014
2291 2572 97.1014
2291 1116 97.0588
3326 1336 100
3326 501 100
1336 501 100
4251 645 97.1014
4251 544 97.1014
4251 3855 97.0588
1834 2659 100
1834 529 100
4191 4095 100
2492 3588 97.1014
2492 4287 97.1014
2492 3721 97.8102
1559 2677 97.1014
1211 1402 100
1211 1639 97.1014
1211 3841 97.1014
1211 3665 97.1014
1211 1353 97.1014
1211 3507 97.1014
1211 2357 97.1014
1211 613 97.1014
1211 610 97.1014
1211 941 97.1014
1211 1460 97.1014
1211 706 97.1014
1211 2572 97.1014
1211 1116 97.0588
891 1217 97.8102
891 800 97.8102
891 2660 97.8102
891 493 97.0588
891 2863 97.0588
891 3517 97.0588
891 2310 97.0588
407 300 100
2941 1641 97.1014
2941 2654 97.1014
2941 3537 97.1014
2941 988 97.1014
2941 2558 98.5507
2941 1849 97.1014
2941 2864 97.1014
2941 1102 97.1014
2941 3139 97.1014
2941 3999 97.1014
2941 2819 97.1014
2941 1210 97.1014
2941 1355 98.5507
2941 731 97.1014
2941 1080 97.1014
2941 2610 97.1014
2941 3102 97.1014
2941 1665 97.7778
2941 1964 97.7778
2941 588 97.7778
2941 4022 97.0149
1641 2654 100
1641 3537 100
1641 988 100
1641 1849 100
1641 2864 100
1641 1102 100
1641 3139 100
1641 3942 97.1014
1641 3999 100
1641 3340 97.1014
1641 2819 100
1641 1210 100
1641 4296 97.1014
1641 731 100
1641 1080 100
1641 2610 100
1641 3102 100
1641 1665 97.7778
1641 1964 97.7778
1641 588 97.7778
1641 4022 97.0149
1000 1123 97.0588
2654 3537 100
2654 988 100
2654 1849 100
2654 2864 100
2654 1102 100
2654 3139 100
2654 3942 97.1014
2654 3999 100
2654 3340 97.1014
2654 2819 100
2654 1210 100
2654 4296 97.1014
2654 731 100
2654 1080 100
2654 2610 100
2654 3102 100
2654 1665 97.7778
2654 1964 97.7778
2654 588 97.7778
2654 4022 97.0149
2017 280 98.5294
3537 988 100
3537 1849 100
3537 2864 100
3537 1102 100
3537 3139 100
3537 3942 97.1014
3537 3999 100
3537 3340 97.1014
3537 2819 100
3537 1210 100
3537 4296 97.1014
3537 731 100
3537 1080 100
3537 2610 100
3537 3102 100
3537 1665 97.7778
3537 1964 97.7778
3537 588 97.7778
3537 4022 97.0149
988 1849 100
988 2864 100
988 1102 100
988 3139 100
988 3942 97.1014
988 3999 100
988 3340 97.1014
988 2819 100
988 1210 100
988 4296 97.1014
988 731 100
988 1080 100
988 2610 100
988 3102 100
988 1665 97.7778
988 1964 97.7778
988 588 97.7778
988 4022 97.0149
201 2521 97.2222
201 1960 97.2222
2558 1355 100
2558 2438 97.0149
2558 3981 97.0149
2558 283 97.0149
2558 2700 97.0149
2558 4250 97.0149
2558 736 97.0149
2864 1102 100
2864 3139 100
2864 3942 97.1014
2864 3999 100
2864 3340 97.1014
2864 2819 100
2864 1210 100
2864 4296 97.1014
2864 731 100
2864 1080 100
2864 2610 100
2864 3102 100
2864 1665 97.7778
2864 1964 97.7778
2864 588 97.7778
2864 4022 97.0149
3459 3642 97.2222
1102 3139 100
1102 3942 97.1014
1102 3999 100
1102 3340 97.1014
1102 2819 100
1102 1210 100
1102 4296 97.1014
1102 731 100
1102 1080 100
1102 2610 100
1102 3102 100
1102 1665 97.7778
1102 1964 97.7778
1102 588 97.7778
1102 4022 97.0149
2078 242 97.1014
3139 3942 97.1014
3139 3999 100
3139 3340 97.1014
3139 2819 100
3139 1210 100
3139 4296 97.1014
3139 731 100
3139 1080 100
3139 2610 100
3139 3102 100
3139 1665 97.7778
3139 1964 97.7778
3139 588 97.7778
3139 4022 97.0149
2785 1036 100
2785 549 100
2075 2152 97.0588
3942 3999 97.1014
3942 3340 97.1014
3942 2819 97.1014
3942 1210 97.1014
3942 4296 97.1014
3942 731 97.1014
3942 1080 97.1014
3942 2610 97.1014
3942 3102 97.1014
3999 3340 97.1014
3999 2819 100
3999 1210 100
3999 4296 97.1014
3999 731 100
3999 1080 100
3999 2610 100
3999 3102 100
3999 1665 97.7778
3999 1964 97.7778
3999 588 97.7778
3999 4022 97.0149
3014 270 100
3014 1125 100
1905 3274 100
1905 2260 100
1980 1905 100
1980 3274 100
1980 2260 100
1981 601 100
144 3494 98.1132
2501 3046 100
283 2700 100
283 4250 100
283 736 100
283 2268 98.4375
283 2356 98.4375
283 4317 98.4375
283 4272 98.4375
283 3348 98.4375
1098 4249 100
1098 2999 100
1847 3331 97.8723
4249 2999 100
2305 533 97.8723
1827 4112 99.3865
4184 1748 98.9474
4184 2091 98.9474
3075 4231 100
1968 375 100
4186 312 98.1132
4186 3403 98.1132
2427 4230 100
2427 231 100
2427 1888 100
2427 2029 100
3536 4305 100
3536 2346 100
2841 3174 97.2973
484 1112 100
484 2420 100
484 3957 100
484 1149 100
484 4087 100
484 388 97.8261
484 3183 97.8261
484 2202 97.8261
3811 4130 97.619
1873 144 100
1873 3494 98.1132
4230 231 100
4230 1888 100
4230 2029 100
1748 2091 100
1600 3271 98.1132
1600 2276 98.1132
1600 1168 98.1132
1600 292 98.1132
3957 1149 100
3957 4087 100
3957 388 97.8261
3957 3183 97.8261
3957 2202 97.8261
179 4033 97.8723
4033 2832 97.8723
4033 973 97.8261
2924 418 100
706 2572 100
706 2908 98.5075
3506 2340 100
3506 341 97.9592
3506 3508 97.2603
1149 4087 100
1149 388 97.8261
1149 3183 97.8261
1149 2202 97.8261
3367 3422 98.2759
2190 2439 97.0588
1081 837 97.0588
1081 1177 97.0588
1081 4102 97.0149
1081 1440 97.0149
3618 388 98.9011
3618 3183 98.9011
3618 2202 98.9011
1400 2925 100
63 1082 97.7011
2420 3957 100
2420 1149 100
2420 4087 100
2420 388 97.8261
2420 3183 97.8261
2420 2202 97.8261
3529 1622 100
3502 267 100
974 3171 100
974 684 100
974 3740 97.2603
3331 296 97.7778
1961 4030 100
852 4021 100
1723 2549 98.9011
1723 627 98.9011
1421 3538 100
1421 896 100
2669 623 100
312 3403 100
312 218 98.0392
312 496 98.0392
312 1652 98.0392
312 390 97.0297
312 889 97.0297
2549 627 100
2549 4316 97.7273
3389 73 100
3389 1165 100
3851 4234 100
3851 3125 100
2742 1604 100
2742 1822 100
1182 985 100
1182 1838 100
1182 2989 100
1519 2601 98.9011
2601 3241 97.7273
2601 1515 97.7273
1492 3626 97.7099
612 885 100
612 2147 100
612 1270 97.6744
2830 2076 97.0297
2830 2540 97.0297
2830 4218 97.0297
885 2147 100
885 1270 97.6744
3928 2395 97.7444
3928 3547 97.7444
2819 1210 100
2819 4296 97.1014
2819 731 100
2819 1080 100
2819 2610 100
2819 3102 100
2819 1665 97.7778
2819 1964 97.7778
2819 588 97.7778
2819 4022 97.0149
2147 1270 97.6744
1035 3242 100
2723 2467 100
2130 4013 100
2358 2360 100
2358 3926 100
73 1165 100
2430 2123 97.619
2360 3926 100
3608 593 100
3608 2215 100
3608 2593 100
1251 3308 100
3713 4176 97.6471
1356 2457 100
1356 2663 97.561
809 2412 97.7654
809 2475 97.7654
3166 3730 100
3895 1124 98.9474
2786 3704 100
2786 2733 98.1818
3354 2813 100
1136 998 100
1691 1702 100
1691 1495 100
4059 1743 97.5904
1702 1495 100
627 4316 97.7273
2845 3144 100
2791 1222 97.561
1888 2029 100
2997 271 100
2997 1918 100
2997 3782 100
2997 1884 100
2997 1212 100
3511 3228 100
3511 3749 100
3511 1464 97.561
871 4063 97.1429
3228 3749 100
3228 1464 97.561
1903 2455 100
3151 3160 100
3151 1061 100
3151 3398 97.3333
3151 810 97.3333
794 1362 100
1392 70 100
3749 1464 97.561
768 581 100
486 431 97.2973
486 1285 97.2973
486 1253 97.2973
486 49 97.2973
2704 2355 100
1191 1270 97.619
1191 2696 97.561
1191 4083 97.561
650 777 100
761 3903 100
761 2967 100
1731 3881 97.7778
4088 1868 100
2979 2279 100
1877 1988 100
1877 555 100
1877 858 97.561
1877 2569 97.561
1877 1650 97.561
4234 3125 100
447 1903 100
447 2455 100
1556 712 100
1556 150 100
1556 4063 99.0476
2070 3050 98.7654
3318 2785 98.5714
3318 1036 98.5714
3318 549 98.5714
961 1232 98.2456
231 1888 100
231 2029 100
3558 3294 100
1688 2090 97.3684
1688 1459 97.3684
1688 2118 97.3684
4045 2742 100
4045 1604 100
4045 1822 100
1258 545 100
3476 251 100
1799 1144 100
1799 3756 100
1799 2477 100
1799 1575 100
2251 699 100
2251 1695 100
2251 805 100
2251 328 100
2251 2534 100
2251 2744 100
2251 3367 100
2251 3422 98.2759
1434 735 100
3057 2444 97.7778
2516 2500 100
2516 3695 100
2516 3701 100
2516 2664 100
2516 1659 97.5
2516 4161 97.5
3756 2477 100
3756 1575 100
4125 1063 97.9866
1768 2185 97.5
1752 1354 100
670 2192 100
2888 2712 100
2888 3522 100
1497 1597 100
1497 1312 100
1497 2390 97.5
388 3183 100
388 2202 100
3701 2664 100
3701 1659 97.5
3701 4161 97.5
374 1243 100
374 818 100
2477 1575 100
4193 1158 97.5
2271 3513 100
3894 3578 97.5
3894 1162 97.5
199 2296 98.7654
307 2499 97.6744
307 3353 98
307 2978 97.6431
2664 1659 97.5
2664 4161 97.5
1555 2234 100
1555 3556 100
248 1121 100
248 1043 100
248 2392 100
2466 1089 97.1429
2466 3443 98.5507
2466 2599 98.5507
2466 2109 97.0588
2466 1374 97.0588
858 2569 100
858 1650 100
2203 1968 100
2203 375 100
2230 2262 97.9592
2230 3041 97.9592
482 2781 100
482 3550 100
2700 4250 100
2700 736 100
2700 2268 98.4375
2700 2356 98.4375
2700 4317 98.4375
2700 4272 98.4375
2700 3348 98.4375
617 1029 97.5
617 3285 97.5
2781 3550 100
2645 2547 97.1831
2645 2065 100
288 2153 97.4359
288 227 97.4359
288 1623 97.4359
1043 2392 100
3694 1528 97.4359
788 3603 100
4115 255 100
3006 1259 98.5075
3006 3497 97.7444
3006 4079 97.7444
3006 3759 97.7444
2155 3851 100
2155 4234 100
2155 3125 100
3264 983 98.3607
2696 4083 100
2696 1703 97.4359
2696 767 97.4359
2696 2126 97.4359
2835 1291 97.6744
478 3950 97.1429
478 1977 97.1429
3805 898 100
3805 487 99.187
3805 3059 98.3607
3805 3705 97.5207
2185 3211 97.3684
3993 1084 100
3993 1530 100
3993 2378 100
747 2277 97.3684
747 2997 97.3684
747 271 97.3684
747 1918 97.3684
747 3782 97.3684
747 1884 97.3684
747 1212 97.3684
2965 2890 100
1112 2420 100
1112 3957 100
1112 1149 100
1112 4087 100
1112 388 97.8261
1112 3183 97.8261
1112 2202 97.8261
2194 2456 98.7013
2194 499 98.7013
3698 1839 100
3698 3849 100
232 2255 97.2973
2589 1817 100
2589 2655 100
3837 1118 100
1480 783 97.6
1480 3059 97.561
371 2506 98.4848
3700 3255 100
373 1199 100
2581 3785 100
3745 2070 97.561
3745 3050 98.7654
279 1234 98.5106
2636 3592 100
2636 1634 100
2636 1949 100
2636 1241 100
2636 4301 100
2636 1334 100
2636 1908 100
2636 3385 98.2456
2636 3742 98.2456
2663 486 97.4359
2122 3594 100
2823 3123 99.2806
466 3211 98.6667
1436 2906 98.5612
1436 664 98.5612
1436 2325 97.0588
1436 3888 97.0588
3793 980 100
3793 2380 100
2153 2001 97.3684
2153 227 100
2153 1623 100
2153 3984 97.2973
2153 752 97.2973
257 1365 100
257 1595 100
257 1594 100
798 3064 97.3684
3083 2120 97.8723
1974 3612 100
2001 227 97.3684
2001 1623 97.3684
2001 3865 97.2973
2001 45 97.2973
2001 3955 97.2973
3110 4184 100
3110 1748 98.9474
3110 2091 98.9474
4219 633 100
4219 887 98.3051
3468 164 100
3468 2932 100
3468 1202 100
3468 3288 100
3468 2576 97.2973
141 3831 100
1250 711 97.0588
2521 1960 100
164 2932 100
164 1202 100
164 3288 100
164 2576 97.2973
1703 767 100
1703 2126 100
3124 2114 97.1014
767 2126 100
1963 3518 100
1963 4203 100
1963 3224 100
3828 172 97.3684
3828 1990 98.6667
3186 2501 100
3186 3046 100
2077 2868 100
2867 584 100
337 799 100
171 779 100
2528 2921 97.6744
2528 2699 97.6744
2528 2273 97.6744
1166 478 97.2973
2275 1441 100
2275 2438 97.7099
2275 3981 97.7099
2275 283 97.7099
2275 2700 97.7099
2275 4250 97.7099
2275 736 97.7099
2275 2102 97.6744
2275 4269 97.6744
2275 3314 97.6744
2275 1645 97.6744
3518 4203 100
3518 3224 100
3662 1961 100
3662 4030 100
2553 4142 100
2553 414 100
4203 3224 100
1985 1609 98.9691
1852 2875 100
1713 2912 100
4070 1338 100
2421 1711 98.4375
2587 253 100
2587 4038 97.5309
230 4326 100
2311 3576 100
1124 2549 97.8261
1124 627 97.8261
931 2519 99.3007
931 2938 97.1429
3288 2576 97.2973
1840 104 98.2036
1840 763 98.2036
4197 3279 100
1979 4081 100
1574 230 100
1574 4326 100
2683 1055 100
2683 44 100
3792 2366 99.0826
3792 3636 99.0826
299 897 100
2656 2807 100
638 4109 100
3538 896 100
2456 499 100
2976 4108 100
271 1918 100
271 3782 100
271 1884 100
271 1212 100
2865 2722 100
2865 1794 97.2222
2865 757 97.2222
2865 1593 97.2222
2865 75 98.5915
2865 2048 98.5915
2865 295 97.1429
2865 3529 97.1429
2865 1622 97.1429
1577 1895 100
1953 4107 100
884 1115 97.1963
3241 1515 100
3241 3844 98.8235
3241 3511 98.8235
3241 3228 98.8235
3241 3749 98.8235
3782 1884 100
3782 1212 100
1884 1212 100
2993 3390 100
1745 617 100
1745 1029 97.5
1745 3285 97.5
4102 1440 98.4615
3053 1012 100
3053 4297 100
309 1866 100
2639 3110 100
2639 4184 100
2639 1748 98.9474
2639 2091 98.9474
1530 2378 100
2098 2803 98.5915
2098 276 97.1429
2098 1303 97.1429
826 3911 97.7778
826 2520 100
826 325 100
826 2348 97.7778
826 1856 100
3183 2202 100
2074 295 97.1429
2074 3529 97.1429
2074 1622 97.1429
4292 2471 100
2101 658 100
2932 1202 100
2932 3288 100
2932 2576 97.2973
227 1623 100
227 3984 97.2973
227 752 97.2973
2391 362 100
2391 1548 100
3639 2007 97.7778
1282 2591 100
932 394 100
932 1764 100
2277 2997 100
2277 271 100
2277 1918 100
2277 3782 100
2277 1884 100
2277 1212 100
2818 3585 97.1429
212 1299 97.0874
212 2738 97.0874
2569 1650 100
2028 37 100
3137 1546 100
558 3140 97.2222
558 2686 97.2222
419 4293 100
419 4111 100
419 1153 100
419 4183 100
419 513 100
419 2817 97.2973
419 1220 97.2973
419 824 100
419 811 97.2973
419 3462 100
419 3687 100
419 2131 97.2973
419 331 100
419 226 97.2973
419 3542 98.6301
2776 4289 100
2722 1794 97.2222
2722 757 97.2222
2722 1593 97.2222
2722 75 98.5915
2722 2048 98.5915
2722 295 97.1429
2722 3529 97.1429
2722 1622 97.1429
2861 3094 98.4127
504 1417 97.1429
504 2242 97.0874
1417 2242 98.0392
2719 3079 97
2719 3962 97
362 1548 100
796 1640 100
3153 956 98.4127
1783 2683 100
1783 1055 100
1783 44 100
4001 2842 100
4001 2678 100
2725 1420 98
368 788 100
368 3603 100
3695 3701 100
3695 2664 100
3695 1659 97.5
3695 4161 97.5
3266 764 100
909 2935 100
3127 1415 100
3127 2303 100
4236 1240 100
4236 737 100
258 288 100
258 2153 97.4359
258 227 97.4359
258 1623 97.4359
2615 1449 100
431 1285 100
431 1253 100
431 49 100
3865 45 100
3865 3955 100
3865 4260 97.1429
3642 4082 97.1429
1285 1253 100
1285 49 100
2394 3902 100
2394 406 100
4151 2421 97.0149
1794 757 100
1794 1593 100
2903 1262 100
2903 1135 100
2903 3084 98.4127
685 4041 100
1253 49 100
1012 4297 100
505 1965 98.0392
2862 1602 100
2862 2972 100
3971 2339 98.3051
3971 2403 98.3051
2961 1104 97.2477
604 2615 100
604 1449 100
3309 3246 100
3309 1192 100
1837 3625 100
836 644 100
4275 2975 97.561
1918 3782 100
1918 1884 100
1918 1212 100
2652 571 97.0414
295 3529 100
295 1622 100
3622 2747 100
3622 990 98.3871
3622 2804 98.3871
3379 2662 100
52 3307 100
52 4233 100
52 4093 100
52 4005 100
1653 2829 97.0297
4010 2079 100
4010 794 100
4010 1362 100
1792 1439 100
412 2095 100
412 3394 100
412 3908 100
1728 1919 100
1728 2036 100
1728 4330 100
1728 3135 100
1728 18 100
3946 54 100
2837 625 100
2837 99 100
2095 3394 100
2095 3908 100
2547 2065 97.1831
2547 391 97.1429
2547 1198 97.1014
2547 3111 97.1014
190 1751 100
190 1605 100
3656 3771 100
3656 3263 100
1299 2738 100
1299 85 98
1299 2851 98
1299 41 97.9592
1299 53 97.9592
1299 3895 97.9592
3517 2310 100
2246 2230 98.0392
3494 1993 98.7179
3494 1642 97.4359
3494 2209 97.3684
3494 2199 97.3684
3494 2575 97.3684
3494 4094 97.3684
3494 2480 97.3684
3494 3344 97.3684
3494 3506 97.3684
3494 2340 97.3684
1137 241 100
1137 792 100
2003 714 100
2003 497 100
3772 2582 100
1415 2303 100
2177 29 98.1818
4233 4093 100
4233 4005 100
1726 3010 100
1726 3746 100
1726 933 100
1726 2552 100
1726 3016 98.6667
1726 436 98.6667
1726 2221 98.6667
1726 3930 98.6667
1726 419 98.6667
1726 4293 98.6667
1726 4111 98.6667
1726 1153 98.6667
1726 4183 98.6667
1726 513 98.6667
1726 824 98.6667
1726 3462 98.6667
1726 3687 98.6667
1726 331 98.6667
1726 3542 97.2973
4083 1703 97.4359
4083 767 97.4359
4083 2126 97.4359
4276 234 97.2603
4276 2547 97.2603
1919 2036 100
1919 4330 100
1919 3135 100
1919 18 100
1270 1872 97.561
2379 687 97.6744
161 1427 100
161 1494 98.3333
1618 997 100
3975 2876 100
2120 973 98.9011
304 1063 97.2973
2661 793 100
2743 1921 100
2743 3412 100
386 3965 100
2550 3648 100
2550 553 100
2550 3621 98.0392
2550 2955 98.0392
2550 3236 98.0392
3659 766 100
3659 2092 98.2456
1441 2438 97.7099
1441 3981 97.7099
1441 283 97.7099
1441 2700 97.7099
1441 4250 97.7099
1441 736 97.7099
1441 2102 97.6744
1441 4269 97.6744
1441 3314 97.6744
1441 1645 97.6744
1751 1605 100
642 4067 100
642 838 98.3871
642 2991 98.3871
642 2694 100
101 762 98.1818
3428 1483 100
1210 4296 97.1014
1210 731 100
1210 1080 100
1210 2610 100
1210 3102 100
1210 1665 97.7778
1210 1964 97.7778
1210 588 97.7778
1210 4022 97.0149
2880 1400 100
2880 2925 100
2109 1374 100
1240 737 100
2349 444 100
2349 2853 100
2349 2076 97.0297
2349 2540 97.0297
2349 4218 97.0297
1132 4091 100
939 4120 100
939 663 97.3684
939 3391 97.3333
3296 3379 100
3296 2662 100
1271 4153 100
3411 248 100
3411 1121 100
3411 1043 100
3411 2392 100
1247 2344 100
1247 129 100
2356 4317 100
2356 4272 100
2356 3348 100
513 2817 97.2973
513 1220 97.2973
513 824 100
513 811 97.2973
513 3462 100
513 3687 100
513 2131 97.2973
513 331 100
513 226 97.2973
513 3542 98.6301
2870 4158 100
2870 780 100
3668 2539 100
3668 3225 100
3668 1583 100
801 3091 100
801 3213 97.4684
3158 3441 100
3158 103 98.2456
3084 675 98.3871
3084 1848 98.3871
727 2060 100
1776 652 100
1776 419 97.2973
1776 4293 97.2973
1776 4111 97.2973
1776 1153 97.2973
1776 4183 97.2973
1776 513 97.2973
1776 2817 100
1776 1220 100
1776 824 97.2973
1776 811 100
1776 3462 97.2973
1776 3687 97.2973
1776 2131 97.2973
1776 331 97.2973
1776 226 100
4133 1497 100
4133 1597 100
4133 1312 100
4133 2390 97.5
3024 535 100
3024 2498 100
346 3691 100
346 3536 100
346 4305 100
346 2346 100
1291 2719 97.5845
3648 553 100
3648 3621 98.0392
3648 2955 98.0392
3648 3236 98.0392
182 3089 97.2603
2539 3225 100
2539 1583 100
1430 3051 100
1430 3063 100
325 2348 97.7778
325 1856 100
2682 3032 100
2682 1270 97.619
2682 3694 97.561
3930 1776 97.2973
3930 652 97.2973
3930 419 100
3930 4293 100
3930 4111 100
3930 1153 100
3930 4183 100
3930 513 100
3930 2817 97.2973
3930 1220 97.2973
3930 824 100
3930 811 97.2973
3930 3462 100
3930 3687 100
3930 2131 97.2973
3930 331 100
3930 226 97.2973
3930 3542 98.6301
1573 446 100
2141 1410 100
2141 520 100
2141 2122 100
2141 3594 100
3250 2701 100
3250 559 100
3250 72 100
3250 1676 100
4305 2346 100
2613 1472 100
822 3689 100
50 3244 100
50 4098 100
50 378 100
50 3549 100
50 1182 100
50 985 100
50 1838 100
50 2989 100
2268 2356 100
2268 4317 100
2268 4272 100
2268 3348 100
902 1835 100
4229 1101 100
2011 474 98.1132
1228 943 100
394 1764 100
2751 2922 100
935 2028 97.2973
935 37 97.2973
3292 1851 97.6744
2183 1736 97.1429
2183 1527 97.1429
3980 3123 97.1429
3980 1198 97.1014
3980 3111 97.1014
1623 3984 97.2973
1623 752 97.2973
2871 2725 99.5074
2871 1420 98.5075
514 2038 99.2
514 2411 99.2
514 2056 99.2
3841 1773 97.0588
3841 3665 100
3841 1579 97.0588
3841 2937 97.0588
3841 1353 100
3841 3507 100
3841 2899 97.0588
3841 2357 100
3841 4242 97.0588
3841 613 100
3841 610 100
3841 941 100
3841 1460 100
3841 706 100
3841 2572 100
3841 2908 98.5075
4152 2590 98.8764
4152 2856 97.7273
1988 555 100
1988 858 97.561
1988 2569 97.561
1988 1650 97.561
1849 2864 100
1849 1102 100
1849 3139 100
1849 3942 97.1014
1849 3999 100
1849 3340 97.1014
1849 2819 100
1849 1210 100
1849 4296 97.1014
1849 731 100
1849 1080 100
1849 2610 100
1849 3102 100
1849 1665 97.7778
1849 1964 97.7778
1849 588 97.7778
1849 4022 97.0149
4206 1067 100
1447 1569 97.4359
3665 1579 97.0588
3665 2937 97.0588
3665 1353 100
3665 3507 100
3665 2899 97.0588
3665 2357 100
3665 4242 97.0588
3665 613 100
3665 610 100
3665 941 100
3665 1460 100
3665 706 100
3665 2572 100
3665 2908 98.5075
66 2751 100
66 2922 100
2771 416 100
553 3621 98.0392
553 2955 98.0392
553 3236 98.0392
1662 1446 97.3451
2055 1271 100
2055 4153 100
3164 1183 97.1429
4211 2542 100
3102 1665 97.7778
3102 1964 97.7778
3102 588 97.7778
3102 4022 97.0149
4243 3680 100
4243 3376 97.4359
4243 3257 97.4359
916 2680 100
2079 794 100
2079 1362 100
3188 4221 100
2799 1963 100
2799 3518 100
2799 4203 100
2799 3224 100
1717 3610 100
276 1303 100
276 4015 98.5075
3844 3511 100
3844 3228 100
3844 3749 100
3844 1464 97.561
1139 3066 100
2468 1663 98.3871
111 797 100
2329 616 100
2329 3992 98.2456
2329 2918 98.2456
2329 2993 98.2456
2329 3390 98.2456
3381 713 97.2973
360 3674 97.1429
2717 666 100
1608 290 100
3826 1757 100
2027 3001 97.1429
918 2473 100
2585 3673 100
228 2466 97.1429
228 1089 100
228 2803 97.1429
228 2599 98.5507
228 2109 97.0588
228 1374 97.0588
2446 1122 100
401 1799 100
401 1144 100
401 3756 100
401 2477 100
401 1575 100
4188 1913 100
4188 1363 100
590 1974 100
590 3612 100
2808 1628 97.619
3917 718 100
1699 3206 100
3680 3376 97.4359
3680 3257 97.4359
2314 2536 100
610 941 100
610 1460 100
610 706 100
610 2572 100
610 2908 98.5075
4182 447 100
4182 1903 100
4182 2455 100
855 4139 100
855 1309 97.4359
1964 588 100
1964 4022 99.2366
936 2924 97.1429
936 418 97.1429
2068 2981 100
364 3486 100
364 531 100
2172 1574 100
2172 230 100
2172 4326 100
8 2939 100
2226 590 100
2226 1974 100
2226 3612 100
4164 2199 98.0132
1807 2067 100
1807 540 100
3149 2201 97.561
2067 540 100
4298 3346 100
2134 1851 97.6744
849 3282 100
849 3378 100
849 1717 100
849 3610 100
2234 3556 100
4087 388 97.8261
4087 3183 97.8261
4087 2202 97.8261
760 3747 100
760 1857 100
3005 4084 100
4114 776 100
4114 954 99.0991
3704 2733 98.1818
3394 3908 100
1037 3737 97.4359
1220 824 97.2973
1220 811 100
1220 3462 97.2973
1220 3687 97.2973
1220 2131 97.2973
1220 331 97.2973
1220 226 100
3577 411 100
2158 2148 100
2699 2273 100
2036 4330 100
2036 3135 100
2036 18 100
413 3558 100
413 3294 100
2513 3388 98.4615
156 1707 100
750 4154 100
750 4077 100
2373 1573 100
2373 446 100
155 3711 100
155 3615 98
3634 1139 100
3634 3066 100
1144 3756 100
1144 2477 100
1144 1575 100
2253 2857 97.6
1411 1155 97.9021
1411 3591 97.9021
1411 1670 97.8723
1411 2941 97.8723
1411 1641 97.8723
1411 2654 97.8723
1411 3537 97.8723
1411 988 97.8723
1411 1849 97.8723
1411 2864 97.8723
1411 1102 97.8723
1411 3139 97.8723
1411 3999 97.8723
1411 2819 97.8723
1411 1210 97.8723
1411 731 97.8723
1411 1080 97.8723
1411 2610 97.8723
1411 3102 97.8723
3768 4321 100
2821 3114 97.0149
2821 3258 97.0149
6 3457 100
3333 1804 98.1818
3333 225 98.1818
3333 1214 98.1818
3333 3347 98.1818
3333 2953 98.1818
3333 4186 98.1818
3617 1438 100
4158 780 100
1940 3622 100
1940 2747 100
1940 990 98.3871
1940 2804 98.3871
1839 3849 100
730 2801 100
4057 475 97.561
2921 2699 100
2921 2273 100
651 356 97.0588
651 4018 97.0588
3008 3186 100
3008 2501 100
3008 3046 100
3135 18 100
1887 3618 100
1887 388 98.9011
1887 3183 98.9011
1887 2202 98.9011
4244 3276 100
4217 3772 100
4217 2582 100
3108 1555 100
3108 2234 100
3108 3556 100
890 265 98.3333
2063 3203 100
2188 3187 100
509 3232 100
509 3974 100
509 2098 98.6301
509 228 97.2222
509 1089 97.2222
509 2803 97.2222
3407 891 97.1429
1050 1348 100
4037 358 98.2456
2955 3236 100
2323 1408 100
1214 3347 100
1214 2953 100
1214 4186 100
1214 312 98.1132
1214 3403 98.1132
1637 2843 100
555 858 97.561
555 2569 97.561
555 1650 97.561
1444 1156 98.4375
3801 2021 100
2278 1345 100
2987 4074 100
1364 2034 100
2013 1433 100
336 2682 98.8235
336 3032 98.8235
2500 3695 100
2500 3701 100
2500 2664 100
2500 1659 97.5
2500 4161 97.5
684 3740 97.2603
3041 1809 97.8723
3041 1491 97.8723
4078 4200 100
4078 433 100
4078 3419 100
2460 716 99.5261
2460 3251 97.1429
103 2891 98.1818
103 2055 98.1818
103 1271 98.1818
103 4153 98.1818
3637 4029 98.0132
1280 2950 100
1280 3210 100
3444 1508 100
2335 3666 97.3451
4215 3068 100
4215 1140 100
773 2855 100
634 2191 100
2991 2694 98.3871
2991 2293 98.3607
1882 3084 98.4127
1121 1043 100
1121 2392 100
3478 2923 97.8723
2842 2678 100
4090 936 100
4090 2924 97.1429
4090 418 97.1429
1733 2837 100
1733 625 100
1733 99 100
3951 2603 100
3951 3583 98.1481
2494 3103 100
137 700 100
1246 3055 100
1246 3148 100
1246 2077 100
1246 2868 100
3955 4260 97.1429
3441 103 98.2456
1084 1530 100
1084 2378 100
1973 3892 97.3684
4330 3135 100
4330 18 100
3360 210 98.2759
1003 3258 97.0149
1597 1312 100
1597 2390 97.5
3815 509 97.2973
3815 2099 97.2973
3815 3232 97.2973
3815 3974 97.2973
3815 2098 98.6301
3815 2803 97.2222
2679 867 100
1570 975 100
2760 1392 100
2760 70 100
2344 129 100
1803 216 100
1803 2181 100
1289 1860 100
3507 2899 97.0588
3507 2357 100
3507 4242 97.0588
3507 613 100
3507 610 100
3507 941 100
3507 1460 100
3507 706 100
3507 2572 100
3507 2908 98.5075
2151 1251 100
2151 3308 100
3260 2627 100
3260 1175 100
1042 1389 97.3913
1042 3024 97.3913
1042 535 97.3913
1042 2498 97.3913
876 84 97.1014
3233 1657 100
3747 1857 100
2638 2429 97.6
2638 3605 97.6
2638 1244 98.3871
2949 4202 100
731 1080 100
731 2610 100
731 3102 100
731 1665 97.7778
731 1964 97.7778
731 588 97.7778
731 4022 97.0149
379 329 100
3845 4224 100
1488 989 100
1666 2954 97.4359
1666 1268 97.4359
1666 1225 97.4359
1666 3512 97.4359
1666 254 97.4359
4023 2458 100
1327 257 100
1327 1365 100
1327 1595 100
1327 1594 100
2575 4094 100
2575 2480 100
2575 3344 100
2575 3506 100
2575 2340 100
2575 341 97.9592
2575 3508 97.2603
218 1652 100
218 390 98.9899
218 889 98.9899
593 2215 100
593 2593 100
2950 3210 100
4198 1327 100
4198 257 100
4198 1365 100
4198 1595 100
4198 1594 100
1841 3659 99.1304
1841 766 99.1304
1841 2092 97.3913
4032 2766 100
4032 2617 100
1814 1383 98.3607
1410 520 100
1410 2122 100
1410 3594 100
3767 373 100
3767 1199 100
4024 3170 100
4024 3296 100
4024 3379 100
4024 2662 100
697 1537 100
286 1147 100
1142 3694 98.7654
3499 286 98.3607
3499 1147 98.3607
172 1990 98.6667
660 2535 100
1522 3472 97.2727
1522 1291 97.6959
3879 1098 100
3879 4249 100
3879 2999 100
633 887 98.3051
1174 3017 97.0588
1387 2084 98.2036
1387 2442 97.561
3744 4024 100
3744 3170 100
3744 3296 100
3744 3379 100
3744 2662 100
875 1606 98.0132
875 3734 97.3333
3232 3974 100
3232 2098 98.6301
3232 228 97.2222
3232 1089 97.2222
3232 2803 97.2222
527 660 100
527 2535 100
216 2181 100
2573 2965 100
2573 2890 100
270 1125 100
2627 1175 100
3950 1977 100
1786 1465 100
2895 723 100
4099 2839 100
1607 409 100
1607 4244 100
1607 3276 100
1660 1712 100
1660 2311 100
1660 3576 100
2908 2102 97.6744
2908 4269 97.6744
2908 3314 97.6744
2908 1645 97.6744
551 3848 100
551 3532 100
1396 1496 100
3560 3181 98.4127
233 452 100
4142 414 100
3519 3009 100
1301 703 100
2410 3953 97.3913
2630 3608 100
2630 593 100
2630 2215 100
2630 2593 100
273 2755 98.4127
1243 818 100
3600 1347 100
1515 3844 98.8235
1515 3511 98.8235
1515 3228 98.8235
1515 3749 98.8235
433 3419 100
3899 217 100
3899 2257 97.2603
3899 3138 97.2603
3899 4294 97.2603
3899 882 97.2603
3899 2362 97.2603
3899 582 97.2603
3899 1867 97.2603
3899 2538 97.2603
3899 1978 97.2603
3899 318 97.2603
3899 3515 97.2603
3899 3769 97.2603
3899 2042 97.2603
1542 3470 100
2651 1616 100
2651 3260 100
2651 2627 100
2651 1175 100
2897 1 100
679 1413 100
679 621 100
327 902 100
327 1835 100
2545 2583 97.1429
2545 3833 97.1429
2545 2354 98.0769
1777 2791 100
1777 1222 97.561
2886 748 100
1263 2936 100
1263 1879 100
2345 2298 100
2345 2023 100
2345 3616 100
2345 261 100
759 525 100
3116 4099 100
3116 2839 100
898 487 99.187
898 3059 98.3607
898 3705 97.5207
1630 3158 100
1630 3441 100
1630 103 98.2456
1491 2528 97.7778
3848 3532 100
2712 3522 100
3446 1586 100
3446 2705 97.7612
3446 88 98.4962
1089 2803 97.1429
1089 2599 98.5507
1089 2109 97.0588
1089 1374 97.0588
3307 4233 100
3307 4093 100
3307 4005 100
930 1109 100
930 3188 100
930 4221 100
791 978 98
3148 2077 100
3148 2868 100
409 4244 100
409 3276 100
2766 2617 100
3068 1140 100
1959 3904 97.2477
1959 1681 97.2477
1959 3226 98.1481
1959 871 98.1481
1959 1556 98.1481
1959 712 98.1481
1959 150 98.1481
1959 4063 97.1963
1986 4017 100
185 188 100
2715 1659 98.7342
2715 4161 98.7342
1021 1014 97.619
3378 1717 100
3378 3610 100
1383 1630 98.3051
1383 154 98.3051
1383 3158 98.3051
1383 3441 98.3051
2262 3041 100
2262 1809 97.8723
2262 1491 97.8723
2803 4015 97.0588
585 3798 100
982 4292 100
982 2471 100
3660 2209 97.3333
3660 74 97.3333
3660 2575 97.3333
3660 4094 97.3333
3660 2480 97.3333
3660 3344 97.3333
3660 3635 97.3333
3660 1178 97.3333
3660 3506 97.3333
3660 2340 97.3333
1303 4015 98.5075
2128 4104 98.9247
3376 3257 100
1019 17 99.2126
1019 2207 97.6
1365 1595 100
1365 1594 100
1226 2290 97.2603
3583 1016 97.0874
3583 2297 97.0874
2023 3616 100
2023 261 100
1736 1527 100
4093 4005 100
766 2092 98.2456
752 4190 97.1429
4079 3605 97.6378
917 2970 100
917 952 97.561
917 1372 97.5207
3274 2260 100
569 3709 100
2298 2023 100
2298 3616 100
2298 261 100
80 3025 100
80 2386 100
2197 4100 100
3306 2589 100
3306 1817 100
3306 2655 100
520 2122 100
520 3594 100
2738 85 98
2738 2851 98
2738 41 97.9592
2738 53 97.9592
2738 3895 97.9592
3847 2105 100
1602 2972 100
2850 3544 100
2850 3541 100
2850 1726 97.4026
2850 3010 97.4026
2850 3746 97.4026
2850 933 97.4026
2850 2552 97.4026
2850 3675 98.7013
2850 3398 97.3684
2850 810 97.3684
493 2863 100
493 3517 100
493 2310 100
3225 1583 100
1375 569 100
1375 3709 100
3593 3085 100
3593 147 100
784 221 98.7893
3141 327 100
3141 902 100
3141 1835 100
923 1069 100
923 585 100
923 3798 100
1893 2165 97.1609
4250 736 100
4250 2268 98.4375
4250 2356 98.4375
4250 4317 98.4375
4250 4272 98.4375
4250 3348 98.4375
3984 752 100
3984 4190 97.1429
3443 2599 97.0588
3443 2109 98.5075
3443 1374 98.5075
1254 3937 100
1254 1375 100
1254 569 100
1254 3709 100
1264 2243 100
1264 3250 100
1264 2701 100
1264 559 100
1264 72 100
1264 1676 100
3621 2955 100
3621 3236 100
2048 295 98.5507
2048 3529 98.5507
2048 1622 98.5507
1659 4161 100
3282 3378 100
3282 1717 100
3282 3610 100
2599 2109 98.5075
2599 1374 98.5075
3708 32 100
3708 3587 100
3708 2347 100
3708 100 100
3708 3776 100
3708 3356 100
3708 1095 98.1132
3708 878 98.1132
3708 2349 98.1132
3708 444 98.1132
3708 2853 98.1132
75 2048 100
75 295 98.5507
75 3529 98.5507
75 1622 98.5507
2891 2055 100
2891 1271 100
2891 4153 100
534 849 100
534 3282 100
534 3378 100
534 1717 100
534 3610 100
1643 2845 100
1643 3144 100
3245 1306 97.1429
3170 3296 100
3170 3379 100
3170 2662 100
3291 3428 100
3291 1483 100
45 3955 100
45 4260 97.1429
1055 44 100
3903 2967 100
1462 1525 98.0769
3819 2132 100
2398 3026 100
2398 514 100
2398 2038 99.2
2398 2411 99.2
2398 2056 99.2
41 53 100
453 3895 98.9691
453 3299 97.9167
453 1124 97.9167
3780 1985 100
3780 1609 98.9691
3246 1192 100
889 2203 97.9167
889 1968 97.9167
889 2427 97.9167
889 4230 97.9167
889 375 97.9167
889 231 97.9167
889 1888 97.9167
889 2029 97.9167
4216 3159 100
1360 1015 100
3717 2368 100
3717 2607 98.1818
3717 4227 97.2477
1499 3817 100
1499 380 100
2097 1847 98.9691
3741 2919 97.9167
1069 585 100
1069 3798 100
2540 4218 100
3649 1662 99.1453
1638 2267 100
390 889 100
390 2203 97.9167
390 1968 97.9167
390 2427 97.9167
390 4230 97.9167
390 375 97.9167
390 231 97.9167
390 1888 97.9167
390 2029 97.9167
2747 990 98.3871
2747 2804 98.3871
1110 4033 97.9167
3353 4117 97.5945
996 1110 100
996 4033 97.9167
427 484 97.9167
427 1112 97.9167
427 2420 97.9167
427 3957 97.9167
427 1149 97.9167
427 4087 97.9167
2223 923 100
2223 1069 100
2223 585 100
2223 3798 100
1319 1638 100
1319 2267 100
2076 2540 100
2076 4218 100
4147 1319 100
4147 1638 100
4147 2267 100
2297 3083 97.9592
79 1841 98.2759
79 1300 97.3913
79 3659 97.3913
79 766 97.3913
79 2092 99.1304
79 1077 97.3451
79 2186 97.3451
140 3735 100
2497 2815 100
3755 1680 97.9592
2442 2619 98.1132
2442 1184 98.0892
85 2851 100
4309 1171 100
4309 2850 100
4309 3544 100
4309 3541 100
4309 1726 97.4026
4309 3010 97.4026
4309 3746 97.4026
4309 933 97.4026
4309 2552 97.4026
4309 3675 98.7013
4309 3398 97.3684
4309 810 97.3684
1952 1897 98.9899
3044 1034 100
1652 390 98.9899
1652 889 98.9899
3870 1045 100
2578 2497 100
2578 2815 100
3974 2098 98.6301
3974 228 97.2222
3974 1089 97.2222
3974 2803 97.2222
1617 2708 100
1670 2941 97.1014
1670 1641 100
1670 2654 100
1670 3537 100
1670 988 100
1670 1849 100
1670 2864 100
1670 1102 100
1670 3139 100
1670 3942 97.1014
1670 3999 100
1670 3340 97.1014
1670 2819 100
1670 1210 100
1670 4296 97.1014
1670 731 100
1670 1080 100
1670 2610 100
1670 3102 100
1670 1665 97.7778
1670 1964 97.7778
1670 588 97.7778
1670 4022 97.0149
4027 2564 100
2918 2993 100
2918 3390 100
3578 1162 100
1221 2774 100
1539 2886 100
1539 748 100
2648 2022 100
2648 1718 100
2648 3717 100
2648 2368 100
2648 2607 98.1818
2648 4227 97.2477
2526 1142 100
2526 3694 98.7654
169 1221 100
169 2774 100
3877 1781 97.2763
1520 169 100
1520 1221 100
1520 2774 100
1461 3921 100
951 2633 100
1016 2297 100
1016 3083 97.9592
2125 1488 100
2125 989 100
1896 4073 98.3871
1896 3426 98.3871
4253 2502 100
2389 350 100
2389 1820 100
2389 1843 100
2389 579 100
2389 4255 100
2389 1940 100
2389 3622 100
2389 2747 100
2389 990 98.3871
2389 2804 98.3871
32 3587 100
32 2347 100
32 100 100
32 3776 100
32 3356 100
32 1095 98.1132
32 878 98.1132
32 2349 98.1132
32 444 98.1132
32 2853 98.1132
3902 406 100
436 2221 100
436 3930 100
436 1776 97.2973
436 652 97.2973
436 419 100
436 4293 100
436 4111 100
436 1153 100
436 4183 100
436 513 100
436 2817 97.2973
436 1220 97.2973
436 824 100
436 811 97.2973
436 3462 100
436 3687 100
436 2131 97.2973
436 331 100
436 226 97.2973
436 3542 98.6301
2793 503 97.4359
2793 3804 97.4359
2793 450 97.4359
3711 3615 98
4159 3407 97.1831
4159 891 97.1429
4159 1123 97.1014
1802 2248 98
1453 3167 100
3640 1952 97.0297
2531 2216 100
2531 1218 97.561
2531 765 97.561
2531 3922 97.561
2531 2672 97.561
2531 3207 97.561
2531 2251 97.5207
2531 699 97.5207
2531 1695 97.5207
2531 805 97.5207
2531 328 97.5207
2531 2534 97.5207
2531 2744 97.5207
2531 3367 97.5207
1517 1952 97.0297
4290 1517 100
4290 1952 97.0297
963 1246 100
963 3055 100
963 3148 100
963 2077 100
963 2868 100
846 1453 100
846 3167 100
4173 2667 100
3359 1299 98
3359 2738 98
3359 85 100
3359 2851 100
1002 3640 100
1002 1952 97.0297
4329 3164 100
4329 1183 97.1429
1863 3757 98
1324 3166 100
1324 3730 100
2853 2076 97.0297
2853 2540 97.0297
2853 4218 97.0297
3833 2354 97.0874
444 2853 100
444 2076 97.0297
444 2540 97.0297
444 4218 97.0297
1525 1016 98.0392
1525 2297 98.0392
1525 996 97.0297
1525 1110 97.0297
1467 1542 100
1467 3470 100
878 2349 100
878 444 100
878 2853 100
878 2076 97.0297
878 2540 97.0297
878 4218 97.0297
1046 2130 100
1046 4013 100
3403 218 98.0392
3403 496 98.0392
3403 1652 98.0392
3403 390 97.0297
3403 889 97.0297
4237 56 97.0297
2887 424 100
698 2395 97.7444
698 3547 97.7444
3055 3148 100
3055 2077 100
3055 2868 100
1946 1721 100
3194 2917 97.1429
837 1177 100
729 4237 100
729 56 97.0297
1838 2989 100
1312 2390 97.5
3669 963 100
3669 1246 100
3669 3055 100
3669 3148 100
3669 2077 100
3669 2868 100
2400 1570 100
2400 975 100
1095 878 100
1095 2349 100
1095 444 100
1095 2853 100
1095 2076 97.0297
1095 2540 97.0297
1095 4218 97.0297
3313 476 100
150 4063 99.0476
3616 261 100
1259 3497 99.2366
1259 4079 97.7099
1259 3759 99.2366
1259 2274 97.6744
1649 1462 97.1429
1649 1525 99.0476
1649 1016 97.0874
1649 2297 97.0874
2229 536 97.0874
2368 2607 98.1818
2368 4227 97.2477
11 2780 100
11 2692 100
3892 2865 97.2973
3892 2722 97.2973
3892 2074 97.2973
1535 3546 100
968 1592 100
3325 3044 97.0874
3325 1034 97.0874
2216 1218 97.561
2216 765 97.561
2216 3922 97.561
2216 2672 97.561
2216 3207 97.561
2216 2251 97.5207
2216 699 97.5207
2216 1695 97.5207
2216 805 97.5207
2216 328 97.5207
2216 2534 97.5207
2216 2744 97.5207
2216 3367 97.5207
1883 4181 98.0769
4101 3137 100
4101 1546 100
1505 1591 97.7011
3862 1535 100
3862 3546 100
2892 890 98.3333
2892 265 100
535 2498 100
606 3775 100
606 4309 98.0892
606 1171 98.0892
606 2850 98.0892
606 3544 98.0892
606 3541 98.0892
606 1726 98.0645
606 3010 98.0645
606 3746 98.0645
606 933 98.0645
606 2552 98.0645
2963 4290 98.0769
2963 1517 98.0769
2963 1952 97.0874
712 150 100
712 4063 99.0476
980 2380 100
3337 2963 100
3337 4290 98.0769
3337 1517 98.0769
3337 1952 97.0874
3397 1649 98.1132
3397 1525 97.1429
1928 3337 100
1928 2963 100
1928 4290 98.0769
1928 1517 98.0769
1928 1952 97.0874
3037 3604 100
3226 871 100
3226 4063 97.1429
1008 1052 99.1304
3173 2544 100
3771 3263 100
1414 347 99.0476
1468 1928 100
1468 3337 100
1468 2963 100
1468 4290 98.0769
1468 1517 98.0769
1468 1952 97.0874
250 1661 97.2973
250 4300 97.2973
250 2136 97.2973
250 2827 97.2973
250 2309 97.2973
2607 4227 99.0654
3356 1095 98.1132
3356 878 98.1132
3356 2349 98.1132
3356 444 98.1132
3356 2853 98.1132
1419 1463 100
3776 3356 100
3776 1095 98.1132
3776 878 98.1132
3776 2349 98.1132
3776 444 98.1132
3776 2853 98.1132
1681 3226 97.1963
1681 871 97.1963
1394 1629 100
4228 3413 100
901 1733 100
901 2837 100
901 625 100
901 99 100
2953 4186 100
2953 312 98.1132
2953 3403 98.1132
1502 4228 100
1502 3413 100
254 43 97.9866
254 2257 97.2973
254 3138 97.2973
254 4294 97.2973
254 882 97.2973
254 2362 97.2973
254 582 97.2973
254 1867 97.2973
254 2538 97.2973
254 1978 97.2973
254 318 97.2973
254 3515 97.2973
254 3769 97.2973
254 2042 97.2973
2611 2335 100
2611 3666 97.3451
1718 3717 100
1718 2368 100
1718 2607 98.1818
1718 4227 97.2477
4213 3936 100
4213 1394 100
4213 1629 100
153 2988 100
1262 1135 100
1262 3084 98.4127
2457 2663 97.561
100 3776 100
100 3356 100
100 1095 98.1132
100 878 98.1132
100 2349 98.1132
100 444 98.1132
100 2853 98.1132
3973 2691 97.8495
3973 2669 97.8261
3973 623 97.8261
1616 3260 100
1616 2627 100
1616 1175 100
2982 3819 100
2982 2132 100
625 99 100
1595 1594 100
3952 2184 100
3952 3028 97.2973
1547 1571 100
3904 1556 99.0654
3904 712 99.0654
3904 150 99.0654
3904 4063 98.1132
2347 100 100
2347 3776 100
2347 3356 100
2347 1095 98.1132
2347 878 98.1132
2347 2349 98.1132
2347 444 98.1132
2347 2853 98.1132
3587 2347 100
3587 100 100
3587 3776 100
3587 3356 100
3587 1095 98.1132
3587 878 98.1132
3587 2349 98.1132
3587 444 98.1132
3587 2853 98.1132
4154 4077 100
1797 2651 100
1797 1616 100
1797 3260 100
1797 2627 100
1797 1175 100
225 1214 100
225 3347 100
225 2953 100
225 4186 100
225 312 98.1132
225 3403 98.1132
3691 3536 100
3691 4305 100
3691 2346 100
1334 1908 100
1334 3385 98.2456
1334 3742 98.2456
1804 225 100
1804 1214 100
1804 3347 100
1804 2953 100
1804 4186 100
1804 312 98.1132
1804 3403 98.1132
275 1930 100
2366 3636 100
1257 1543 100
2775 3583 97.1963
2775 1649 97.1963
2775 1525 98.1132
113 69 97.1963
2603 3583 98.1481
490 2051 98.2609
490 1522 97.3451
490 3472 97.3214
2847 3442 98.1481
3657 1765 99.0826
2517 2166 100
160 1341 100
1269 3461 100
3299 1124 97.8723
3299 1723 98.9247
3299 2549 97.8261
3299 627 97.8261
942 1959 98.1818
942 1681 99.0826
1912 4007 97.0414
4269 3314 100
4269 1645 100
4269 2167 98.3871
4269 4006 98.3871
1489 19 100
241 792 100
2598 3657 97.2973
4313 1467 100
4313 1542 100
4313 3470 100
1956 2828 98.1481
4120 663 97.3684
4120 3391 97.3333
1763 4118 100
3981 283 100
3981 2700 100
3981 4250 100
3981 736 100
3981 2268 98.4375
3981 2356 98.4375
3981 4317 98.4375
3981 4272 98.4375
3981 3348 98.4375
4053 806 100
704 709 98.1481
3417 3708 97.2477
3417 32 97.2477
3417 3587 97.2477
3417 2347 97.2477
3417 100 97.2477
3417 3776 97.2477
3417 3356 97.2477
46 2106 100
1077 2186 100
795 46 100
795 2106 100
3937 1375 100
3937 569 100
3937 3709 100
1580 3951 100
1580 2603 100
1580 3583 98.1481
332 2382 100
332 4175 98.5507
332 3446 98.5401
332 1586 98.5401
332 88 97.037
2689 3533 100
1092 1489 100
1092 19 100
500 1580 100
500 3951 100
500 2603 100
500 3583 98.1481
3742 3173 97.2477
3742 2544 97.2477
415 2176 99.1597
415 4270 97.479
415 2050 97.4359
415 1040 97.4359
415 2092 97.4359
1109 3188 100
1109 4221 100
3466 942 99.0991
3466 1959 97.2973
3466 1681 98.1818
2357 4242 97.0588
2357 613 100
2357 610 100
2357 941 100
2357 1460 100
2357 706 100
2357 2572 100
2357 2908 98.5075
3581 212 98.1132
3581 1299 97.0874
3581 2738 97.0874
1224 3657 97.2973
3362 4220 97.1429
1005 942 97.2973
1005 1959 99.0991
1005 3226 97.2477
1005 871 97.2477
1005 1556 97.2477
1005 712 97.2477
1005 150 97.2477
3731 880 100
3385 3742 100
3385 3173 97.2477
3385 2544 97.2477
3670 3892 98.7013
1313 1343 97.2477
4113 2579 100
4183 513 100
4183 2817 97.2973
4183 1220 97.2973
4183 824 100
4183 811 97.2973
4183 3462 100
4183 3687 100
4183 2131 97.2973
4183 331 100
4183 226 97.2973
4183 3542 98.6301
1826 3417 97.2973
2859 2061 100
502 948 100
537 1005 100
537 942 97.2973
537 1959 99.0991
537 3226 97.2477
537 871 97.2477
537 1556 97.2477
537 712 97.2477
537 150 97.2477
2022 1718 100
2022 3717 100
2022 2368 100
2022 2607 98.1818
2022 4227 97.2477
3746 933 100
3746 2552 100
3746 3016 98.6667
3746 436 98.6667
3746 2221 98.6667
3746 3930 98.6667
3746 419 98.6667
3746 4293 98.6667
3746 4111 98.6667
3746 1153 98.6667
3746 4183 98.6667
3746 513 98.6667
3746 824 98.6667
3746 3462 98.6667
3746 3687 98.6667
3746 331 98.6667
3746 3542 97.2973
1389 3024 100
1389 535 100
1389 2498 100
862 2674 97.8947
3219 942 97.2973
3219 1681 98.1818
3992 2918 100
3992 2993 100
3992 3390 100
2092 1077 98.2143
2092 2186 98.2143
1673 2753 98.2143
2782 3424 100
2782 1301 100
2782 703 100
2299 3666 97.3451
472 4026 100
3590 957 97.3451
3590 3990 98.2143
2838 3439 100
4148 3590 100
4148 957 97.3451
4148 3990 98.2143
2050 1040 100
941 1460 100
941 706 100
941 2572 100
941 2908 98.5075
136 1119 100
3463 3451 100
3463 3943 100
3463 2009 100
3463 1008 97.479
2066 2648 97.3451
2066 2022 97.3451
2066 1718 97.3451
2066 3717 97.3451
2066 2368 97.3451
2066 2607 97.2973
3175 3360 99.1597
3175 210 97.4359
1460 706 100
1460 2572 100
1460 2908 98.5075
3817 380 100
2780 2692 100
2883 2814 97.3913
526 2814 97.3451
526 1765 97.2973
2744 3367 100
2744 3422 98.2759
2184 3028 97.2973
1195 1499 100
1195 3817 100
1195 380 100
1129 3184 100
1129 1304 100
1129 1699 100
1129 3206 100
3486 531 100
3580 3219 98.2456
4265 3568 97.2973
1908 3385 98.2456
1908 3742 98.2456
616 3992 98.2456
616 2918 98.2456
616 2993 98.2456
616 3390 98.2456
1586 2705 97.7612
1586 88 98.4962
3943 2009 100
3943 1008 97.479
4301 1334 100
4301 1908 100
4301 3385 98.2456
4301 3742 98.2456
728 83 100
728 1197 100
728 1643 100
728 2845 100
728 3144 100
3085 147 100
3598 2964 100
3598 743 100
3598 1787 100
3598 2291 97.8723
3598 1211 97.8723
3598 1402 97.8723
3598 1639 97.8417
3598 3841 97.8417
3598 3665 97.8417
3598 1353 97.8417
3598 3507 97.8417
3598 2357 97.8417
3598 613 97.8417
3598 610 97.8417
3598 941 97.8417
3598 1460 97.8417
3598 706 97.8417
3598 2572 97.8417
1241 4301 100
1241 1334 100
1241 1908 100
1241 3385 98.2456
1241 3742 98.2456
2350 3058 100
2350 1673 97.3913
3424 1301 100
3424 703 100
2315 3750 97.4359
450 2066 97.3913
1949 1241 100
1949 4301 100
1949 1334 100
1949 1908 100
1949 3385 98.2456
1949 3742 98.2456
3058 1673 97.3913
1634 1949 100
1634 1241 100
1634 4301 100
1634 1334 100
1634 1908 100
1634 3385 98.2456
1634 3742 98.2456
4291 1398 100
3322 3304 100
3592 1634 100
3592 1949 100
3592 1241 100
3592 4301 100
3592 1334 100
3592 1908 100
3592 3385 98.2456
3592 3742 98.2456
1284 1383 98.3607
3641 2050 99.1304
3641 1040 99.1304
175 1677 97.7778
2532 3952 97.4359
2532 2184 97.4359
3839 450 98.2759
3839 2066 99.1304
3839 2648 98.2456
3839 2022 98.2456
3839 1718 98.2456
3839 3717 98.2456
3839 2368 98.2456
1782 2775 98.1818
1782 3397 97.2477
1782 1649 97.2477
4139 1309 97.4359
3169 2578 100
3169 2497 100
3169 2815 100
812 1689 100
812 1129 98.3607
812 3184 98.3607
812 1304 98.3607
812 1699 98.3607
812 3206 98.3607
714 497 100
3071 2350 97.4359
3071 3058 97.4359
1913 1363 100
4270 79 99.1453
4270 1841 97.4359
4270 2092 98.2759
2052 2873 97.6378
3051 3063 100
2534 2744 100
2534 3367 100
2534 3422 98.2759
2849 79 97.4359
2849 1841 99.1453
2849 3659 98.2759
2849 766 98.2759
1853 2793 100
1853 503 97.4359
1853 3804 97.4359
1853 450 97.4359
328 2534 100
328 2744 100
328 3367 100
328 3422 98.2759
2176 3641 97.4359
2176 2050 98.2759
2176 1040 98.2759
2317 1269 100
2317 3461 100
1208 26 100
1208 669 100
1208 2388 100
4111 1153 100
4111 4183 100
4111 513 100
4111 2817 97.2973
4111 1220 97.2973
4111 824 100
4111 811 97.2973
4111 3462 100
4111 3687 100
4111 2131 97.2973
4111 331 100
4111 226 97.2973
4111 3542 98.6301
1754 1861 98.2759
2863 3517 100
2863 2310 100
645 544 98.5294
645 1113 97.0149
645 3855 97.0149
3162 1969 97.006
3162 2653 97.006
3162 1600 97.006
805 328 100
805 2534 100
805 2744 100
805 3367 100
805 3422 98.2759
1197 1643 100
1197 2845 100
1197 3144 100
83 1197 100
83 1643 100
83 2845 100
83 3144 100
4052 2175 97.5
1695 805 100
1695 328 100
1695 2534 100
1695 2744 100
1695 3367 100
1695 3422 98.2759
2004 728 100
2004 83 100
2004 1197 100
2004 1643 100
2004 2845 100
2004 3144 100
699 1695 100
699 805 100
699 328 100
699 2534 100
699 2744 100
699 3367 100
699 3422 98.2759
1991 3580 97.4359
1991 541 97.4359
1991 3219 97.3913
1991 3466 97.3913
2846 1715 98.2249
2846 2587 97.619
2846 253 97.619
489 2004 100
489 728 100
489 83 100
489 1197 100
489 1643 100
489 2845 100
489 3144 100
2817 1220 100
2817 824 97.2973
2817 811 100
2817 3462 97.2973
2817 3687 97.2973
2817 2131 97.2973
2817 331 97.2973
2817 226 100
460 2317 100
460 1269 100
460 3461 100
1304 1699 100
1304 3206 100
1413 621 100
3184 1304 100
3184 1699 100
3184 3206 100
3059 3705 99.1597
3180 4291 98.3051
3180 1398 98.3051
2002 2173 99.1597
2000 1853 97.479
2000 2793 97.479
2000 2066 97.4359
2406 679 100
2406 1413 100
2406 621 100
1202 3288 100
1202 2576 97.2973
3559 2532 100
3559 3952 97.4359
3559 2184 97.4359
4212 3321 97.0149
1855 2315 100
1855 3750 97.4359
4073 3426 100
2983 461 100
765 3922 100
765 2672 100
765 3207 100
2138 518 98.3051
1604 1822 100
3784 3808 97.5904
1427 1494 98.3333
2009 1008 97.479
1817 2655 100
2672 3207 100
776 954 99.0991
3133 2258 100
4242 613 97.0588
4242 610 97.0588
4242 941 97.0588
4242 1460 97.0588
4242 706 97.0588
4242 2572 97.0588
487 1129 97.5207
487 3059 97.5207
487 3184 97.5207
487 1304 97.5207
487 1699 97.5207
487 3206 97.5207
2844 3113 100
3922 2672 100
3922 3207 100
2814 1224 98.2143
2814 2598 98.2143
2814 3657 99.0991
2814 1765 98.1818
457 1624 100
2167 4006 100
1094 2141 100
1094 1410 100
1094 520 100
1094 2122 100
1094 3594 100
3451 3943 100
3451 2009 100
3451 1008 97.479
1146 3101 100
205 3306 100
205 2589 100
205 1817 100
205 2655 100
1218 765 100
1218 3922 100
1218 2672 100
1218 3207 100
4178 4045 100
4178 2742 100
4178 1604 100
4178 1822 100
789 3312 100
1267 1777 100
1267 2791 100
1267 1222 97.561
3624 4178 100
3624 4045 100
3624 2742 100
3624 1604 100
3624 1822 100
3728 2779 100
3728 4069 100
3728 3437 100
3728 1818 100
3728 812 100
3728 1689 100
3728 1129 98.3607
3728 3184 98.3607
3728 1304 98.3607
3728 1699 98.3607
3728 3206 98.3607
1371 2602 98.3333
2619 1184 97.4359
262 372 97.0149
3347 2953 100
3347 4186 100
3347 312 98.1132
3347 3403 98.1132
990 2804 100
4317 4272 100
4317 3348 100
1848 3071 97.5207
2957 3425 100
2957 3363 100
2957 3720 100
1830 1146 97.561
1830 3101 97.561
516 2323 97.6744
516 1408 97.6744
2873 2844 99.187
2873 3113 99.187
4046 3488 98.6301
4046 1806 97.1963
1689 1129 98.3607
1689 3184 98.3607
1689 1304 98.3607
1689 1699 98.3607
1689 3206 98.3607
4175 3446 97.7941
4175 1586 97.7941
4175 2705 97.037
1818 812 100
1818 1689 100
1818 1129 98.3607
1818 3184 98.3607
1818 1304 98.3607
1818 1699 98.3607
1818 3206 98.3607
2429 1244 99.187
72 1676 100
2056 460 97.5207
2056 2317 97.5207
2056 1269 97.5207
2056 3461 97.5207
2328 905 100
2328 3492 98.3871
2328 205 98.3871
2328 3306 98.3871
2328 2589 98.3871
2328 1817 98.3871
2328 2655 98.3871
2916 1473 97.1831
2916 1273 97.1831
559 72 100
559 1676 100
2701 559 100
2701 72 100
2701 1676 100
3342 756 98.6425
3342 2343 98.1651
985 1838 100
985 2989 100
3549 1182 100
3549 985 100
3549 1838 100
3549 2989 100
3025 2386 100
838 2991 100
838 2694 98.3871
838 2293 98.3607
2951 3358 100
378 3549 100
378 1182 100
378 985 100
378 1838 100
378 2989 100
3605 1244 97.561
3605 3360 97.5207
944 1541 100
944 2041 98.3819
944 307 97.3856
944 2499 97.0492
944 2978 97.01
3301 445 100
3032 1270 97.619
3032 3694 97.561
675 1848 100
675 3071 97.5207
1712 2311 100
1712 3576 100
4069 3437 100
4069 1818 100
4069 812 100
4069 1689 100
4069 1129 98.3607
4069 3184 98.3607
4069 1304 98.3607
4069 1699 98.3607
4069 3206 98.3607
2243 3250 100
2243 2701 100
2243 559 100
2243 72 100
2243 1676 100
2411 2056 100
2411 460 97.5207
2411 2317 97.5207
2411 1269 97.5207
2411 3461 97.5207
1710 1191 97.6744
1710 1270 97.6744
4067 838 98.3871
4067 2991 98.3871
4067 2694 100
2038 2411 100
2038 2056 100
2038 460 97.5207
2038 2317 97.5207
2038 1269 97.5207
2038 3461 97.5207
4098 378 100
4098 3549 100
4098 1182 100
4098 985 100
4098 1838 100
4098 2989 100
2511 80 100
2511 3025 100
2511 2386 100
3140 2686 100
783 3705 97.5207
2316 2716 100
3425 3363 100
3425 3720 100
3244 4098 100
3244 378 100
3244 3549 100
3244 1182 100
3244 985 100
3244 1838 100
3244 2989 100
2779 4069 100
2779 3437 100
2779 1818 100
2779 812 100
2779 1689 100
2779 1129 98.3607
2779 3184 98.3607
2779 1304 98.3607
2779 1699 98.3607
2779 3206 98.3607
905 3492 98.3871
905 205 98.3871
905 3306 98.3871
905 2589 98.3871
905 1817 98.3871
905 2655 98.3871
4255 1940 100
4255 3622 100
4255 2747 100
4255 990 98.3871
4255 2804 98.3871
1645 2167 98.3871
1645 4006 98.3871
669 2388 100
3026 514 100
3026 2038 99.2
3026 2411 99.2
3026 2056 99.2
1578 783 97.6
4247 141 97.6
4247 3831 97.6
3363 3720 100
3314 1645 100
3314 2167 98.3871
3314 4006 98.3871
3889 1991 97.479
1532 3112 100
1381 2008 100
2936 1879 100
579 4255 100
579 1940 100
579 3622 100
579 2747 100
579 990 98.3871
579 2804 98.3871
4200 433 100
4200 3419 100
1843 579 100
1843 4255 100
1843 1940 100
1843 3622 100
1843 2747 100
1843 990 98.3871
1843 2804 98.3871
4177 2220 100
1820 1843 100
1820 579 100
1820 4255 100
1820 1940 100
1820 3622 100
1820 2747 100
1820 990 98.3871
1820 2804 98.3871
4272 3348 100
2102 4269 100
2102 3314 100
2102 1645 100
2102 2167 98.3871
2102 4006 98.3871
4089 1381 100
4089 2008 100
350 1820 100
350 1843 100
350 579 100
350 4255 100
350 1940 100
350 3622 100
350 2747 100
350 990 98.3871
350 2804 98.3871
2274 3605 97.6
17 2207 98.3871
3492 205 100
3492 3306 100
3492 2589 100
3492 1817 100
3492 2655 100
1135 3084 98.4127
26 669 100
26 2388 100
3842 1480 97.6378
3842 783 98.4127
1514 3268 98.4127
2567 3463 97.6
2567 3451 97.6
2567 3943 97.6
2567 397 97.6
2567 2009 97.6
599 1444 98.4375
599 1156 100
2917 3531 97.0149
560 456 97.6378
1072 1019 100
1072 17 99.2126
1072 2207 97.6
3047 2567 100
3047 3463 97.6
3047 3451 97.6
3047 3943 97.6
3047 397 97.6
3047 2009 97.6
1749 3842 100
1749 1480 97.6378
1749 783 98.4127
3093 2452 97.0588
736 2268 98.4375
736 2356 98.4375
736 4317 98.4375
736 4272 98.4375
736 3348 98.4375
1402 1639 97.1014
1402 3841 97.1014
1402 3665 97.1014
1402 1353 97.1014
1402 3507 97.1014
1402 2357 97.1014
1402 613 97.1014
1402 610 97.1014
1402 941 97.1014
1402 1460 97.1014
1402 706 97.1014
1402 2572 97.1014
1402 1116 97.0588
3759 2274 98.4375
3759 3605 97.6378
1377 2462 98.4375
3490 1282 100
3490 2591 100
1133 2429 97.6378
1130 1328 100
2239 323 97.0588
3479 662 100
3497 3759 100
3497 2274 98.4375
3497 3605 97.6378
1159 2262 97.9592
1159 3041 97.9592
3516 1696 100
78 4308 97.9381
78 1051 97.9167
2435 2957 98.4375
2435 3425 98.4375
2435 3363 98.4375
2435 3720 98.4375
1190 2748 97.4684
3547 1749 97.6744
3547 3842 97.6744
3547 3805 97.6378
3547 898 97.6378
2438 3981 100
2438 283 100
2438 2700 100
2438 4250 100
2438 736 100
2438 2268 98.4375
2438 2356 98.4375
2438 4317 98.4375
2438 4272 98.4375
2438 3348 98.4375
2395 3547 100
2395 1749 97.6744
2395 3842 97.6744
2395 3805 97.6378
2395 898 97.6378
3473 2017 97.1429
3473 280 97.1014
1116 2438 99.2366
1116 3981 99.2366
1116 283 99.2366
1116 2700 99.2366
1116 4250 99.2366
1116 736 99.2366
1116 2268 97.6744
1116 2356 97.6744
1116 4317 97.6744
1116 4272 97.6744
1116 3348 97.6744
588 4022 99.2366
3683 1578 97.6744
356 4018 100
4022 3728 97.6378
4022 2779 97.6378
4022 4069 97.6378
4022 3437 97.6378
4022 1818 97.6378
4022 812 97.6378
4022 1689 97.6378
1665 1964 100
1665 588 100
1665 4022 99.2366
3277 2275 100
3277 1441 100
3277 2438 97.7099
3277 3981 97.7099
3277 283 97.7099
3277 2700 97.7099
3277 4250 97.7099
3277 736 97.7099
3277 2102 97.6744
3277 4269 97.6744
3277 3314 97.6744
3277 1645 97.6744
1059 3651 98.5294
1059 3516 97.0149
1059 1696 97.0149
757 1593 100
3114 3258 98.4848
372 2398 97.6744
372 3026 97.6744
372 514 97.6744
1294 1808 100
3651 3516 98.4848
3651 1696 98.4848
1198 3111 100
439 3465 100
2796 462 98.4848
2572 2908 98.5075
4287 3435 97.0149
544 1113 98.5075
544 3855 97.0149
2970 952 97.561
2970 1372 97.5207
613 610 100
613 941 100
613 1460 100
613 706 100
613 2572 100
613 2908 98.5075
2874 2236 97.7444
2899 2357 97.0588
2899 4242 100
2899 613 97.0588
2899 610 97.0588
2899 941 97.0588
2899 1460 97.0588
2899 706 97.0588
2899 2572 97.0588
1353 3507 100
1353 2899 97.0588
1353 2357 100
1353 4242 97.0588
1353 613 100
1353 610 100
1353 941 100
1353 1460 100
1353 706 100
1353 2572 100
1353 2908 98.5075
2660 493 97.7778
2660 2863 97.7778
2660 3517 97.7778
2660 685 97.7778
2660 4041 97.7778
2660 2310 97.7778
1242 262 100
1242 372 97.0149
2938 3435 98.5075
1231 3993 100
1231 1084 100
1231 1530 100
1231 2378 100
3588 4287 100
3588 3435 97.0149
2937 1353 97.0588
2937 3507 97.0588
2937 2899 100
2937 2357 97.0588
2937 4242 100
2937 613 97.0588
2937 610 97.0588
2937 941 97.0588
2937 1460 97.0588
2937 706 97.0588
2937 2572 97.0588
3936 1394 100
3936 1629 100
1579 2937 100
1579 1353 97.0588
1579 3507 97.0588
1579 2899 100
1579 2357 97.0588
1579 4242 100
1579 613 97.0588
1579 610 97.0588
1579 941 97.0588
1579 1460 97.0588
1579 706 97.0588
1579 2572 97.0588
1773 3665 97.0588
1773 1579 100
1773 2937 100
1773 1353 97.0588
1773 3507 97.0588
1773 2899 100
1773 2357 97.0588
1773 4242 100
1773 613 97.0588
1773 610 97.0588
1773 941 97.0588
1773 1460 97.0588
1773 706 97.0588
1773 2572 97.0588
800 2660 100
800 493 97.7778
800 2863 97.7778
800 3517 97.7778
800 685 97.7778
800 4041 97.7778
800 2310 97.7778
1217 800 100
1217 2660 100
1217 493 97.7778
1217 2863 97.7778
1217 3517 97.7778
1217 685 97.7778
1217 4041 97.7778
1217 2310 97.7778
3996 3249 97.0874
1639 3841 100
1639 1773 97.0588
1639 3665 100
1639 1579 97.0588
1639 2937 97.0588
1639 1353 100
1639 3507 100
1639 2899 97.0588
1639 2357 100
1639 4242 97.0588
1639 613 100
1639 610 100
1639 941 100
1639 1460 100
1639 706 100
1639 2572 100
1639 2908 98.5075
1036 549 100
253 4038 97.5309
2610 3102 100
2610 1665 97.7778
2610 1964 97.7778
2610 588 97.7778
2610 4022 97.0149
3437 1818 100
3437 812 100
3437 1689 100
3437 1129 98.3607
3437 3184 98.3607
3437 1304 98.3607
3437 1699 98.3607
3437 3206 98.3607
1080 2610 100
1080 3102 100
1080 1665 97.7778
1080 1964 97.7778
1080 588 97.7778
1080 4022 97.0149
1317 3442 98.1132
3674 367 97.7778
4296 731 97.1014
4296 1080 97.1014
4296 2610 97.1014
4296 3102 97.1014
1355 2438 97.0149
1355 3981 97.0149
1355 283 97.0149
1355 2700 97.0149
1355 4250 97.0149
1355 736 97.0149
3340 2819 97.1014
3340 1210 97.1014
3340 4296 100
3340 731 97.1014
3340 1080 97.1014
3340 2610 97.1014
3340 3102 97.1014
