177 178 96.5854
223 355 96.124
127 152 96.6102
162 573 97.2477
162 40 96.2264
451 220 98.1481
556 18 100
116 10 96.2264
219 562 97.1429
254 61 96.2264
254 262 96.0784
64 252 96
542 545 97.8723
408 385 97.7778
408 337 97.7778
408 382 97.7778
408 394 97.7778
385 337 100
385 382 100
385 394 100
385 568 97.6744
385 599 97.6744
385 315 97.6744
385 341 97.6744
531 518 100
531 517 100
404 400 100
404 328 100
277 278 96.0784
382 394 100
382 568 97.6744
382 599 97.6744
382 315 97.6744
382 341 97.6744
394 568 97.6744
394 599 97.6744
394 315 97.6744
394 341 97.6744
57 348 97.0874
571 540 97.561
571 494 97.561
317 323 96.7742
317 342 96.6667
317 316 96.6667
190 39 97.619
572 606 100
572 235 97.9592
315 341 100
315 367 97.561
569 339 96.2963
386 315 97.6744
386 363 97.6744
386 341 97.6744
513 405 96.9697
327 417 97.561
327 414 97.561
581 433 96.2963
248 31 100
375 594 98.1818
375 349 96.2963
367 421 97.4359
367 340 97.4359
494 364 97.4359
417 414 100
417 333 97.4359
414 333 97.4359
33 542 96
364 600 97.2973
421 340 100
421 392 97.2973
40 262 96
506 361 100
565 603 100
343 352 97.2973
302 372 100
302 338 100
592 35 96.7742
183 179 96.6102
440 329 100
545 596 97.7778
427 482 96
597 408 97.8723
340 392 97.2973
337 382 100
337 394 100
337 568 97.6744
337 599 97.6744
337 315 97.6744
337 341 97.6744
594 349 98.1132
54 189 97.1831
568 599 100
568 367 97.561
450 515 96.2963
323 342 96.6667
323 316 96.6667
587 284 96.5517
587 588 97.6744
79 46 96.7742
79 45 96.7742
392 304 97.1429
392 371 97.1429
515 514 96
370 383 96.5517
245 564 97.2973
245 384 97.2973
402 319 96.2963
325 320 100
401 399 100
144 32 97.1429
270 45 96.7742
507 512 100
35 521 96.5517
518 517 100
595 572 100
595 606 100
595 235 97.9592
143 569 100
143 339 96.2963
400 328 100
273 169 96.1039
19 236 97.8723
19 368 98.9247
19 577 97.8261
29 34 96.7742
29 35 96.7742
564 384 100
180 179 96.6667
437 317 96.7742
437 316 96.6667
540 494 100
540 364 97.4359
413 359 96.2963
413 439 96.2963
159 2 98.0392
304 371 100
403 401 100
403 399 100
596 571 97.6744
599 367 97.561
342 316 96.5517
342 413 98.2456
469 470 100
242 144 97.2973
369 346 98.4615
369 538 96.875
372 338 100
115 117 97.4359
236 368 96.7742
606 235 97.9592
349 597 96
439 490 96.1538
439 235 96
439 396 96
439 542 96
490 542 96
233 30 96
106 3 96.9697
433 431 96
52 53 98.4127
359 439 100
359 490 96.1538
359 235 96
359 396 96
359 542 96
341 367 97.561
598 459 98.2456
473 455 96.4286
573 254 97.1963
573 40 97.1429
316 413 98.2456
443 585 96.875
303 376 98.2456
429 428 96.7742
172 224 96.5517
589 547 100
354 303 96.6667
585 444 96.6667
77 251 97.4359
77 63 96.1039
423 410 96.875
423 354 98.4127
435 52 96.875
435 53 98.4127
495 158 96.875
114 113 96.9697
368 577 98.9011
520 543 96.875
260 261 100
424 332 97.3684
579 412 100
65 365 97.3684
555 307 97.5
555 65 97.4359
555 365 97.4359
546 237 97.5
39 273 96.2963
39 555 96.2963
39 65 96.2025
39 365 96.2025
61 262 96.0784
575 273 97.561
333 403 97.2973
333 401 97.2973
333 399 97.2973
590 77 96.2963
590 251 96.2963
12 465 100
269 272 97.619
15 130 98
284 588 98.8235
612 590 97.6744
153 201 96.5517
202 578 96.6292
262 51 96.9072
168 138 96
