413 563 4
459 460 1
342 323 2
317 303 4
316 323 4
316 317 2
443 444 4
124 101 3
121 53 4
53 410 4
121 538 4
538 435 4
520 543 4
543 121 4
317 437 4
121 435 3
121 410 4
410 423 4
113 114 4
146 425 3
425 332 4
425 424 4
237 425 4
146 237 3
117 115 4
154 156 4
332 424 4
469 470 0
237 424 4
546 237 2
334 457 3
529 334 3
307 555 4
529 457 2
612 590 2
588 587 4
312 313 1
312 314 1
313 314 1
17 577 4
12 465 0
18 556 0
179 183 3
197 362 2
197 377 4
197 412 3
197 476 3
197 478 4
197 507 2
197 512 3
197 579 2
197 609 4
197 580 4
325 197 4
197 415 4
362 377 3
412 362 3
454 362 4
362 476 3
478 362 4
507 362 2
512 362 4
579 362 2
609 362 4
362 331 4
362 335 4
362 336 4
362 580 2
362 320 3
321 362 4
362 325 3
362 326 3
360 362 3
415 362 4
412 377 3
454 377 2
377 476 4
478 377 1
507 377 3
512 377 1
377 579 3
609 377 1
377 331 2
377 335 2
377 336 2
377 580 1
377 320 2
377 325 4
377 326 3
377 330 4
360 377 4
377 415 2
482 377 4
514 377 4
377 302 4
329 377 4
377 338 4
339 377 4
377 372 4
440 377 4
377 607 4
412 454 4
412 476 2
412 478 3
412 499 3
412 507 2
412 512 3
412 579 2
412 609 3
412 580 4
412 320 4
412 325 3
412 326 4
412 360 3
412 415 3
514 412 4
476 454 4
478 454 1
454 507 4
454 512 2
454 579 4
454 609 2
454 331 3
454 335 3
454 336 3
454 580 3
454 320 4
454 326 4
330 454 4
454 415 4
476 478 3
476 507 2
476 512 3
476 579 2
476 609 4
476 580 4
325 476 4
360 476 4
476 415 4
476 514 4
478 507 3
478 512 1
478 579 3
478 609 1
478 331 3
478 335 3
478 336 3
478 580 2
478 320 3
478 326 4
478 330 4
360 478 4
478 415 3
514 478 4
499 507 4
499 579 3
325 499 4
507 512 2
507 579 1
507 609 3
507 335 4
507 580 3
507 320 4
507 325 3
507 326 3
507 360 4
507 415 3
514 507 3
196 507 4
512 579 3
512 609 1
512 331 3
512 335 2
512 336 3
512 580 2
512 320 3
512 326 3
512 415 3
512 482 4
514 512 3
339 512 4
609 579 3
579 580 2
579 320 4
579 325 3
579 326 4
360 579 3
579 415 2
514 579 3
579 607 4
609 331 3
609 335 3
609 336 2
609 580 2
609 320 3
609 326 4
609 415 3
514 609 4
335 331 1
336 331 1
580 331 3
320 331 4
326 331 4
331 330 4
415 331 4
482 331 3
484 331 4
335 336 1
335 580 3
335 320 4
335 326 3
335 330 4
415 335 4
335 482 2
335 484 3
569 335 4
336 580 3
336 320 4
336 326 4
336 330 4
415 336 4
482 336 3
484 336 4
580 320 3
580 325 4
580 326 4
360 580 3
580 415 3
514 580 3
320 321 4
320 325 2
320 326 3
320 330 3
360 320 3
320 415 3
320 482 3
484 320 3
514 320 3
196 320 4
320 302 4
320 319 3
329 320 4
320 338 3
339 320 3
320 372 3
320 427 4
440 320 4
480 320 4
320 607 3
379 320 4
383 320 4
320 402 4
321 325 2
321 326 4
360 321 4
325 326 3
360 325 3
325 415 3
325 302 4
325 338 4
325 372 4
326 330 4
360 326 4
415 326 2
482 326 3
484 326 2
196 326 4
326 302 4
326 338 3
326 372 3
427 326 4
607 326 4
326 402 4
406 326 4
467 326 4
521 326 4
360 330 4
330 415 3
482 330 4
484 330 4
302 330 4
319 330 4
330 329 3
338 330 4
372 330 4
426 330 4
330 440 3
330 441 4
515 330 4
383 330 4
467 330 4
521 330 4
613 330 4
360 415 4
514 360 3
360 196 4
360 480 4
415 482 4
484 415 4
514 415 4
196 415 4
415 302 3
415 338 3
339 415 4
415 372 3
480 415 4
515 415 4
415 607 2
143 415 4
521 415 4
603 415 4
613 415 4
482 484 1
482 302 4
482 319 4
482 329 4
482 338 4
482 372 4
482 426 4
482 427 3
482 440 4
480 482 3
298 482 4
383 482 4
467 482 4
482 521 4
565 482 4
566 482 3
603 482 4
613 482 4
484 427 4
484 480 4
484 406 4
566 484 4
611 484 4
514 196 4
514 339 3
514 607 4
196 302 4
196 329 4
196 338 4
196 339 4
196 372 4
196 440 4
196 441 4
196 515 4
196 607 4
143 196 3
196 379 4
196 383 4
566 196 4
196 603 4
302 319 3
329 302 2
302 338 2
339 302 4
302 372 2
302 426 3
302 427 4
440 302 2
302 441 3
480 302 3
515 302 4
302 607 2
298 302 3
383 302 2
302 402 2
406 302 4
467 302 3
521 302 2
565 302 2
566 302 3
569 302 3
603 302 2
613 302 2
35 302 4
308 302 3
302 358 4
370 302 3
559 302 4
302 418 4
505 302 3
592 302 4
601 302 3
604 302 4
302 371 4
302 420 4
383 311 4
329 319 3
338 319 3
372 319 3
426 319 3
427 319 1
440 319 3
319 441 4
480 319 4
515 319 3
143 319 4
298 319 3
379 319 3
383 319 3
319 402 1
406 319 3
467 319 3
565 319 3
569 319 4
603 319 3
35 319 4
308 319 4
358 319 4
328 319 4
400 319 4
404 319 4
319 418 3
505 319 4
601 319 4
604 319 4
304 319 4
371 319 4
329 338 4
329 372 4
329 426 2
329 427 3
329 440 0
329 441 1
515 329 4
329 607 4
298 329 3
379 329 4
383 329 4
329 402 2
406 329 3
467 329 4
521 329 4
329 565 3
566 329 4
329 603 3
613 329 4
370 329 4
329 328 4
329 400 4
405 329 4
329 418 4
329 604 4
373 329 4
339 338 4
338 372 0
338 426 3
338 427 4
440 338 4
480 338 3
515 338 4
338 607 2
298 338 4
379 338 4
383 338 4
338 402 2
406 338 3
467 338 3
521 338 3
565 338 4
566 338 3
603 338 4
613 338 3
35 338 3
308 338 4
338 358 4
370 338 4
338 404 4
338 418 4
592 338 4
601 338 4
339 372 4
339 515 4
339 607 3
379 339 4
339 383 4
339 521 4
565 339 4
566 339 4
569 339 3
339 603 4
372 426 3
372 427 4
440 372 4
480 372 3
515 372 4
372 607 2
298 372 4
379 372 4
383 372 4
372 402 2
406 372 3
467 372 3
521 372 3
565 372 4
566 372 3
603 372 4
613 372 3
35 372 3
308 372 4
372 358 4
370 372 4
372 404 4
372 418 4
592 372 4
601 372 4
426 427 4
426 440 2
426 441 3
480 426 4
298 426 3
426 402 2
406 426 3
467 426 3
521 426 3
565 426 3
566 426 4
603 426 3
613 426 2
426 400 4
426 418 4
505 426 4
601 426 4
604 426 4
427 440 3
427 441 4
480 427 3
515 427 4
298 427 4
379 427 4
383 427 4
427 402 2
427 406 4
467 427 4
565 427 4
603 427 4
427 418 4
427 483 4
440 441 1
515 440 4
440 607 4
298 440 3
379 440 4
383 440 4
440 402 2
406 440 3
467 440 4
521 440 4
440 565 3
566 440 4
440 603 3
613 440 4
370 440 4
440 328 4
440 400 4
405 440 4
440 418 4
440 604 4
373 440 4
298 441 4
379 441 4
383 441 3
402 441 3
406 441 4
565 441 4
603 441 4
308 441 4
480 298 4
480 383 4
480 467 4
480 565 3
566 480 2
480 569 4
480 358 3
480 370 4
515 607 4
515 143 4
515 298 3
515 379 4
515 383 3
515 402 4
406 515 4
515 521 4
515 565 2
515 569 3
515 603 4
515 35 4
515 592 4
143 607 4
383 607 4
607 402 4
607 467 4
521 607 3
565 607 4
566 607 4
569 607 3
603 607 3
613 607 3
35 607 4
308 607 4
559 607 4
592 607 4
143 383 3
143 406 4
143 467 4
143 565 4
143 569 4
143 35 3
143 370 4
298 379 4
298 383 4
298 402 2
298 406 2
298 467 3
298 521 3
298 565 1
566 298 4
569 298 4
298 603 3
298 613 4
298 400 3
298 418 4
466 298 3
298 505 4
298 519 3
592 298 3
298 601 3
298 604 3
379 402 4
379 406 4
379 467 4
379 565 4
383 402 4
383 467 4
383 521 3
383 565 3
566 383 4
383 569 2
383 603 4
383 613 3
383 35 3
383 308 3
383 559 4
406 402 2
467 402 2
521 402 4
565 402 2
603 402 2
613 402 4
370 402 4
328 402 3
400 402 3
404 402 3
405 402 4
402 418 2
466 402 4
483 402 4
505 402 3
519 402 4
592 402 4
601 402 3
604 402 3
392 402 4
397 402 4
402 399 4
402 401 4
402 403 4
509 402 4
510 402 4
511 402 4
467 406 2
406 521 3
565 406 2
603 406 4
406 613 4
406 305 4
406 400 3
406 404 3
405 406 3
406 418 4
466 406 4
406 483 4
519 406 4
592 406 4
604 406 3
467 521 3
467 565 3
566 467 4
467 603 3
467 613 4
467 404 3
405 467 4
467 418 4
466 467 4
467 505 4
467 519 3
592 467 3
467 601 4
467 604 3
521 565 2
521 603 4
521 613 1
405 521 4
521 592 4
521 604 4
566 565 3
565 569 3
565 603 2
565 613 3
565 35 4
565 308 4
565 370 4
565 400 3
565 418 4
466 565 3
565 505 3
565 519 3
565 592 2
565 601 3
565 604 3
566 569 4
566 603 4
566 611 4
569 603 4
569 194 4
603 613 4
603 328 3
603 418 4
603 483 4
603 505 3
592 603 4
603 601 3
603 604 4
35 308 3
35 370 3
559 35 4
405 35 4
35 519 3
35 592 3
35 601 3
35 604 4
35 32 4
145 35 4
35 420 4
305 604 4
308 358 4
308 370 3
308 559 4
308 519 4
308 592 2
308 601 3
308 373 4
308 420 3
370 358 3
358 404 4
358 418 4
601 358 4
358 399 4
370 430 4
370 559 3
519 370 4
370 592 3
370 601 3
370 373 4
194 430 4
559 328 4
559 418 4
559 505 4
559 601 4
559 604 4
559 371 4
559 373 4
559 600 4
328 400 4
328 404 4
328 418 1
328 483 3
519 328 4
592 328 4
328 371 4
144 328 3
328 392 4
328 397 4
328 401 3
328 403 3
328 419 4
328 509 4
328 510 4
328 511 4
600 328 4
328 333 4
400 404 2
405 400 2
400 418 3
466 400 2
519 400 4
592 400 4
604 400 3
400 304 4
400 399 3
400 401 3
400 419 4
564 400 4
405 404 1
404 418 3
466 404 4
519 404 4
592 404 4
604 404 3
404 304 4
404 399 3
404 401 3
404 419 4
404 485 4
405 418 4
405 466 4
405 604 4
405 304 4
405 399 4
405 401 4
418 483 4
505 418 4
601 418 4
604 418 4
371 418 3
144 418 4
392 418 3
397 418 3
418 399 4
418 401 2
418 403 2
419 418 3
509 418 3
510 418 3
511 418 3
600 418 3
418 333 3
300 418 4
361 418 4
367 418 4
418 414 4
418 417 4
463 418 4
506 418 4
539 418 4
466 519 4
466 592 4
466 604 4
483 505 4
604 483 4
392 483 4
397 483 4
505 592 4
505 601 3
505 604 2
32 505 4
505 371 4
505 392 4
505 397 4
505 509 3
505 504 4
592 519 2
519 601 3
519 604 4
519 511 4
592 601 2
592 604 3
592 420 4
384 592 4
601 604 3
601 371 4
601 420 4
601 399 4
601 403 4
601 510 4
601 511 4
604 32 4
604 371 4
604 420 4
604 392 4
604 397 4
604 419 3
604 509 3
32 304 4
32 371 4
144 32 3
32 419 4
32 509 4
32 340 4
32 259 4
304 310 4
304 371 4
373 304 4
304 392 3
304 397 4
304 399 4
304 401 4
304 403 4
304 419 4
509 304 4
600 304 4
304 340 4
304 421 4
393 304 4
373 310 4
373 371 4
371 420 4
384 371 4
371 392 3
371 397 4
371 399 4
371 401 2
371 403 4
371 419 4
509 371 4
600 371 2
371 340 4
371 421 4
390 371 4
371 417 4
371 599 4
373 420 4
373 194 4
564 373 3
373 600 4
420 399 4
420 403 4
420 510 4
420 511 4
600 420 4
420 526 3
494 420 4
513 403 4
513 510 3
513 511 2
144 194 4
144 392 4
144 509 4
144 243 3
144 259 4
144 393 4
144 539 4
144 548 4
144 551 4
144 571 4
384 564 2
384 600 4
392 397 1
392 399 3
392 401 3
392 403 3
392 419 2
509 392 2
510 392 4
511 392 4
600 392 3
392 333 4
392 367 4
393 392 2
463 392 4
491 392 4
494 392 4
539 392 4
548 392 3
552 392 4
392 382 4
392 385 4
392 394 4
397 399 3
397 401 3
397 403 3
397 419 2
509 397 2
510 397 3
511 397 4
600 397 4
397 333 4
393 397 2
463 397 4
397 477 4
491 397 4
548 397 3
399 401 2
399 403 2
419 399 3
509 399 4
510 399 4
511 399 4
600 399 4
399 333 3
399 414 4
399 417 4
385 399 4
401 403 2
419 401 3
509 401 4
510 401 4
511 401 4
600 401 2
401 333 3
340 401 3
364 401 4
421 401 4
259 401 4
361 401 4
367 401 4
388 401 3
401 414 4
401 417 2
506 401 4
599 401 4
419 403 3
509 403 4
510 403 2
511 403 2
600 403 4
403 333 1
340 403 3
421 403 3
361 403 3
367 403 4
390 403 3
403 414 4
403 417 4
477 403 3
494 403 3
506 403 4
539 403 3
551 403 4
568 403 3
571 403 4
599 403 3
419 509 3
419 510 3
419 511 3
600 419 4
419 333 4
419 340 4
419 361 4
419 388 4
393 419 4
419 463 4
419 491 4
419 539 4
552 419 4
608 419 4
509 510 3
509 511 3
509 600 3
509 340 4
259 509 4
509 390 4
509 393 4
509 463 4
491 509 2
548 509 4
551 509 4
552 509 4
608 509 4
509 599 4
510 511 1
510 600 4
510 333 3
510 361 4
510 463 4
510 477 4
510 494 4
510 539 4
551 510 2
511 600 4
511 333 3
259 511 4
511 361 3
511 477 4
511 494 4
539 511 3
551 511 3
391 511 4
564 600 4
600 340 4
600 421 4
600 388 4
600 417 4
600 494 4
540 600 4
550 600 4
600 599 4
600 493 4
340 333 4
421 333 4
300 333 4
361 333 4
367 333 4
390 333 4
333 414 3
463 333 4
477 333 4
494 333 4
506 333 3
539 333 4
540 333 4
608 333 4
468 333 4
568 333 2
571 333 3
599 333 2
294 364 4
364 340 3
340 421 2
259 340 3
340 361 4
340 388 3
390 340 4
393 340 4
340 414 4
340 417 4
463 340 3
491 340 4
494 340 4
340 506 4
539 340 4
540 340 4
608 340 4
340 568 4
340 599 2
340 341 4
364 367 4
364 388 4
364 571 4
421 361 3
421 367 3
390 421 4
393 421 4
421 414 4
421 417 4
494 421 4
421 506 4
539 421 2
540 421 2
550 421 3
551 421 3
608 421 4
421 568 2
571 421 3
421 599 2
421 315 4
421 341 2
363 421 4
243 540 4
259 361 4
259 388 4
259 393 4
259 463 4
259 506 4
259 539 3
259 540 4
259 548 4
259 550 4
551 259 3
552 259 3
517 259 4
531 259 4
532 259 4
300 361 4
300 367 2
300 414 2
300 417 4
300 463 4
300 477 4
300 491 4
300 494 4
300 506 4
300 539 4
300 571 4
536 300 4
361 367 3
388 361 4
361 414 3
463 361 4
494 361 4
361 506 4
539 361 1
540 361 4
551 361 3
571 361 4
361 599 4
361 315 4
361 337 3
361 408 4
367 388 4
367 414 1
367 417 3
463 367 4
477 367 4
491 367 3
494 367 3
367 506 3
539 367 4
540 367 3
550 367 4
608 367 3
367 568 3
571 367 4
367 337 4
367 382 4
367 394 4
536 367 4
596 367 4
388 414 3
388 417 3
388 506 4
388 431 4
491 390 4
390 494 3
390 539 4
390 568 4
390 599 2
393 414 4
393 506 4
393 539 4
393 540 4
393 548 1
393 550 3
393 551 4
552 393 3
393 608 4
393 568 4
393 571 4
393 337 4
393 382 3
393 394 3
535 393 4
393 549 3
414 417 2
463 414 4
477 414 4
491 414 4
494 414 4
506 414 3
539 414 4
540 414 4
608 414 4
568 414 4
571 414 3
599 414 4
337 414 4
382 414 4
394 414 4
536 414 4
463 417 4
477 417 4
491 417 4
494 417 4
506 417 3
608 417 4
568 417 4
599 417 4
493 417 4
596 417 3
463 491 4
463 506 3
463 539 4
463 540 4
463 548 4
463 550 4
551 463 3
391 463 4
468 463 4
463 599 3
477 491 4
477 494 3
477 506 4
477 571 3
491 494 3
491 506 3
491 608 4
491 571 4
491 599 4
494 506 4
494 539 3
540 494 4
551 494 4
494 608 3
494 568 4
571 494 3
494 599 4
494 341 4
494 493 4
494 492 4
539 506 4
540 506 4
551 506 4
608 506 2
506 568 4
571 506 3
506 599 4
506 301 4
506 327 4
506 341 4
539 540 3
548 539 4
550 539 4
551 539 2
552 539 4
608 539 4
539 568 4
539 571 3
539 599 4
539 341 4
539 337 4
549 539 4
548 540 4
550 540 1
551 540 4
540 608 4
468 540 4
540 568 2
540 571 3
540 599 4
540 341 4
548 550 3
548 551 3
552 548 3
548 382 4
548 394 4
517 548 4
548 549 2
551 550 4
550 468 3
550 568 3
550 571 4
550 536 4
551 552 4
551 571 3
551 530 4
551 531 4
551 549 3
608 568 4
608 571 3
608 599 4
608 341 4
391 599 4
468 568 3
571 568 3
568 599 2
568 341 4
571 599 3
599 341 4
301 327 1
301 341 3
301 318 3
545 301 4
301 597 4
315 341 4
363 315 2
315 337 1
315 382 3
315 385 3
386 315 1
315 394 3
315 408 4
341 327 3
327 318 2
545 327 3
542 327 4
597 327 3
363 341 4
341 337 3
341 382 3
341 394 3
545 341 4
542 341 4
341 597 3
341 572 4
341 595 4
341 606 4
363 337 3
363 386 1
337 382 2
337 385 4
386 337 2
337 394 2
549 337 4
337 408 3
235 337 4
396 337 4
382 385 4
386 382 4
382 394 0
382 408 3
235 382 4
396 382 4
386 385 4
385 394 4
386 394 4
386 481 4
394 408 3
235 394 4
396 394 4
493 596 3
517 518 2
517 530 3
517 531 2
517 532 3
517 535 4
297 517 4
517 508 4
516 517 3
518 530 3
518 531 4
518 532 4
518 535 4
297 518 3
518 508 3
516 518 3
530 531 1
530 532 2
530 549 4
531 532 1
516 531 4
535 235 4
535 533 3
534 535 4
596 408 4
596 396 3
596 490 4
396 408 3
489 318 4
545 318 4
396 318 4
431 318 4
597 318 4
595 318 4
606 318 4
464 318 4
594 318 4
455 318 4
489 545 2
489 396 4
489 492 4
489 542 3
489 597 4
541 545 3
545 542 3
545 597 4
545 595 4
545 606 4
44 30 4
44 572 4
533 235 4
542 235 4
297 508 4
297 516 3
496 396 4
431 597 4
433 431 4
492 597 4
498 542 4
395 498 4
516 508 4
534 533 3
542 597 3
542 359 4
542 594 4
597 572 4
597 595 4
597 606 4
439 597 4
597 464 4
64 572 3
64 606 1
572 595 4
572 606 2
595 606 4
347 570 4
359 594 4
433 581 2
439 490 2
439 594 4
102 567 3
464 594 3
473 464 4
413 594 4
473 594 4
455 413 4
375 376 1
413 473 4
473 543 3
316 303 2
444 585 4
547 589 0
543 369 4
428 429 2
