2949 5749 0
7593 7594 0
1867 5149 0
1867 6166 0
1867 7323 0
1867 7344 0
3303 5812 0
3303 6419 0
3516 4983 0
3878 6711 0
4519 5648 0
4519 6065 0
4519 6648 0
4519 7246 0
4689 7502 0
4702 5238 0
4891 5885 0
5149 6166 0
5149 7323 0
5149 7344 0
5239 7592 0
5632 6643 0
5648 6065 0
5648 6648 0
5648 7246 0
5812 6419 0
5884 6635 0
6065 6648 0
6065 7246 0
6166 7323 0
6166 7344 0
6167 7397 0
6648 7246 0
6715 6716 0
6715 7127 0
6716 7127 0
7323 7344 0
7971 8131 0
1461 1626 0
1461 4358 0
1577 3984 0
1626 4358 0
2610 3864 0
3508 6679 0
3744 5667 0
3744 5905 0
3744 6868 0
3853 4881 0
3910 5148 0
3912 7400 0
4560 5912 0
4560 6777 0
4566 7174 0
4896 5645 0
4896 5646 0
5328 7848 0
5387 5388 0
5645 5646 0
5647 6948 0
5667 5905 0
5667 6868 0
5905 6868 0
5912 6777 0
5913 6723 0
5966 6852 0
5973 6909 0
6008 6792 0
6177 7418 0
6969 6970 0
7343 7402 0
7643 7644 0
1893 6738 0
4306 5537 0
5914 7163 0
360 854 0
360 5187 0
360 7396 0
854 5187 0
854 7396 0
1836 4668 0
1836 5154 0
1844 7567 0
1953 3155 0
1953 3809 0
1953 5785 0
1953 5938 0
1953 6330 0
1960 3882 0
1960 4594 0
1960 6987 0
2118 3702 0
2840 3903 0
2840 6138 0
2971 4700 0
2971 7587 0
3155 3809 0
3155 5785 0
3155 5938 0
3155 6330 0
3575 5630 0
3753 5019 0
3753 6728 0
3753 7175 0
3808 5316 0
3809 5785 0
3809 5938 0
3809 6330 0
3829 3834 0
3829 8090 0
3829 8121 0
3829 8122 0
3834 8090 0
3834 8121 0
3834 8122 0
3857 6062 0
3858 4935 0
3858 6070 0
3882 4594 0
3882 6987 0
3901 6140 0
3903 6138 0
3925 7575 0
4503 4543 0
4532 4963 0
4545 6696 0
4594 6987 0
4668 5154 0
4700 7587 0
4750 7855 0
4884 6637 0
4897 6651 0
4897 6654 0
4897 6903 0
4926 6051 0
4927 6054 0
4930 4931 0
4930 4972 0
4931 4972 0
4935 6070 0
4984 4985 0
5011 6966 0
5013 6971 0
5019 6728 0
5019 7175 0
5107 7181 0
5187 7396 0
5229 7552 0
5785 5938 0
5785 6330 0
5938 6330 0
5946 5947 0
5997 6661 0
5997 6931 0
5997 6932 0
6006 6769 0
6006 6770 0
6105 7282 0
6346 6347 0
6408 7998 0
6603 6604 0
6619 6620 0
6651 6654 0
6651 6903 0
6654 6903 0
6655 6656 0
6661 6931 0
6661 6932 0
6704 6705 0
6728 7175 0
6769 6770 0
6931 6932 0
7151 7152 0
7393 7394 0
7416 7417 0
7513 7514 0
7571 7628 0
8090 8121 0
8090 8122 0
8099 8100 0
8101 8102 0
8121 8122 0
3862 6753 0
3863 5934 0
4075 5355 0
4184 4946 0
4184 4947 0
4761 7928 0
4945 5926 0
4946 4947 0
5056 7100 0
5250 6261 0
6045 7110 0
6390 7932 0
7634 7635 0
8166 8167 0
1332 7589 0
1492 6238 0
1492 6267 0
1966 6172 0
2340 6268 0
2698 4934 0
2698 5091 0
2698 5701 0
3392 8152 0
3767 6731 0
3767 6732 0
3874 6911 0
4072 4155 0
4072 8120 0
4155 8120 0
4193 6682 0
4299 4606 0
4299 5092 0
4299 5093 0
4299 5105 0
4299 5903 0
4299 6013 0
4299 6064 0
4299 6980 0
4299 7149 0
4299 7150 0
4309 4310 0
4309 4517 0
4309 6710 0
4310 4517 0
4310 6710 0
4517 6710 0
4548 4990 0
4548 5898 0
4548 5899 0
4548 5978 0
4606 5092 0
4606 5093 0
4606 5105 0
4606 5903 0
4606 6013 0
4606 6064 0
4606 6980 0
4606 7149 0
4606 7150 0
4925 6709 0
4934 5091 0
4934 5701 0
4957 6957 0
4964 6805 0
4981 5968 0
4990 5898 0
4990 5899 0
4990 5978 0
5075 6059 0
5091 5701 0
5092 5093 0
5092 5105 0
5092 5903 0
5092 6013 0
5092 6064 0
5092 6980 0
5092 7149 0
5092 7150 0
5093 5105 0
5093 5903 0
5093 6013 0
5093 6064 0
5093 6980 0
5093 7149 0
5093 7150 0
5105 5903 0
5105 6013 0
5105 6064 0
5105 6980 0
5105 7149 0
5105 7150 0
5118 6092 0
5121 7262 0
5493 6052 0
5719 6132 0
5719 7331 0
5739 6209 0
5748 6237 0
5748 6264 0
5748 6265 0
5830 8139 0
5898 5899 0
5898 5978 0
5899 5978 0
5903 6013 0
5903 6064 0
5903 6980 0
5903 7149 0
5903 7150 0
5908 7131 0
5996 6693 0
6013 6064 0
6013 6980 0
6013 7149 0
6013 7150 0
6064 6980 0
6064 7149 0
6064 7150 0
6132 7331 0
6170 6171 0
6237 6264 0
6237 6265 0
6238 6267 0
6264 6265 0
6731 6732 0
6782 6963 0
6943 6944 0
6980 7149 0
6980 7150 0
7149 7150 0
7404 7405 0
7583 7584 0
7631 7632 0
7636 7637 0
8011 8012 0
1850 7929 0
2996 7615 0
3360 5357 0
3360 5820 0
3360 6384 0
3360 7905 0
3360 8080 0
3360 8081 0
3400 4460 0
3400 5445 0
3915 7443 0
4045 7099 0
4460 5445 0
4583 5057 0
4813 4814 0
4813 4815 0
4814 4815 0
5357 5820 0
5357 6384 0
5357 7905 0
5357 8080 0
5357 8081 0
5430 7977 0
5430 8112 0
5430 8113 0
5758 7614 0
5820 6384 0
5820 7905 0
5820 8080 0
5820 8081 0
6384 7905 0
6384 8080 0
6384 8081 0
6395 6396 0
6416 8027 0
7383 7384 0
7606 7607 0
7903 7910 0
7905 8080 0
7905 8081 0
7977 8112 0
7977 8113 0
7988 7989 0
8024 8025 0
8024 8026 0
8025 8026 0
8080 8081 0
8112 8113 0
417 6786 0
1050 6972 0
1100 6785 0
1579 6071 0
1579 6694 0
1579 7184 0
1690 3180 0
1690 5313 0
1690 7804 0
1690 7828 0
2571 4899 0
2636 5987 0
2646 6975 0
2700 7187 0
3180 5313 0
3180 7804 0
3180 7828 0
3374 8097 0
3374 8098 0
3407 4037 0
3675 4209 0
3676 4301 0
3712 4699 0
3712 5235 0
4188 6780 0
4188 6962 0
4344 5919 0
4344 7251 0
4549 6896 0
4557 5006 0
4557 5999 0
4557 7551 0
4617 7261 0
4618 5124 0
4699 5235 0
5006 5999 0
5006 7551 0
5095 6073 0
5095 6084 0
5095 7225 0
5103 7188 0
5313 7804 0
5313 7828 0
5539 6790 0
5539 6964 0
5575 7585 0
5897 6707 0
5897 6708 0
5897 6888 0
5919 7251 0
5999 7551 0
6071 6694 0
6071 7184 0
6073 6084 0
6073 7225 0
6084 7225 0
6694 7184 0
6707 6708 0
6707 6888 0
6708 6888 0
6780 6962 0
6790 6964 0
6823 6824 0
7568 7569 0
7568 7625 0
7569 7625 0
7590 7591 0
7804 7828 0
8097 8098 0
430 691 0
969 3473 0
1323 4641 0
1712 5350 0
1712 7907 0
1784 5461 0
1925 2583 0
1925 4518 0
1925 6066 0
2160 3260 0
2160 3382 0
2160 3964 0
2160 5429 0
2160 6403 0
2160 6404 0
2583 4518 0
2583 6066 0
2667 5046 0
2667 5688 0
2667 7070 0
3222 5358 0
3222 6389 0
3222 7930 0
3260 3382 0
3260 3964 0
3260 5429 0
3260 6403 0
3260 6404 0
3359 5353 0
3359 6440 0
3359 6441 0
3382 3964 0
3382 5429 0
3382 6403 0
3382 6404 0
3383 8111 0
3434 5754 0
3718 4060 0
3734 4244 0
3734 5266 0
3797 4698 0
3797 7623 0
3813 3982 0
3833 7920 0
3833 8085 0
3887 7068 0
3923 7560 0
3964 5429 0
3964 6403 0
3964 6404 0
4244 5266 0
4392 6254 0
4518 6066 0
4581 5053 0
4698 7623 0
5046 5688 0
5046 7070 0
5175 5727 0
5177 7382 0
5224 7539 0
5350 7907 0
5353 6440 0
5353 6441 0
5358 6389 0
5358 7930 0
5421 6438 0
5429 6403 0
5429 6404 0
5688 7070 0
6027 6028 0
6043 7098 0
6158 7374 0
6235 7561 0
6235 7624 0
6257 7611 0
6387 7926 0
6389 7930 0
6403 6404 0
6440 6441 0
6774 6775 0
6982 7038 0
6982 7039 0
7038 7039 0
7077 7078 0
7077 7079 0
7078 7079 0
7096 7097 0
7561 7624 0
7920 8085 0
737 822 0
1257 7570 0
1576 1790 0
1576 6673 0
1790 6673 0
1898 4341 0
1898 4598 0
1898 6082 0
1898 6979 0
1929 6010 0
3456 4921 0
3519 6965 0
3549 3796 0
3865 5954 0
3865 6800 0
3945 6340 0
4096 4312 0
4341 4598 0
4341 6082 0
4341 6979 0
4529 5655 0
4591 6060 0
4591 7128 0
4591 7140 0
4598 6082 0
4598 6979 0
4895 4932 0
4895 6053 0
4895 6718 0
4907 6672 0
4928 6721 0
4928 7133 0
4928 7147 0
4932 6053 0
4932 6718 0
5071 7145 0
5071 7146 0
5102 5705 0
5315 5318 0
5315 7815 0
5318 7815 0
5435 8141 0
5954 6800 0
6053 6718 0
6060 7128 0
6060 7140 0
6072 7189 0
6082 6979 0
6351 7850 0
6450 8094 0
6652 6653 0
6721 7133 0
6721 7147 0
7128 7140 0
7133 7147 0
7145 7146 0
7805 7831 0
8092 8093 0
664 4457 0
1746 1920 0
1746 3832 0
1910 3929 0
1912 3614 0
1920 3832 0
1957 5680 0
1958 7024 0
2013 6376 0
2013 7902 0
2046 4382 0
2046 4383 0
2134 3969 0
2394 7935 0
2961 3927 0
3168 3810 0
3168 6337 0
3364 5424 0
3364 8087 0
3384 4777 0
3384 8115 0
3587 4043 0
3671 4573 0
3714 5576 0
3787 6178 0
3810 6337 0
3851 4291 0
3855 4885 0
4008 4199 0
4333 6029 0
4382 4383 0
4456 5431 0
4495 6602 0
4528 4959 0
4528 6007 0
4528 6961 0
4580 5052 0
4640 7341 0
4746 7820 0
4777 8115 0
4959 6007 0
4959 6961 0
5034 7021 0
5045 6039 0
5079 5080 0
5081 7158 0
5160 7353 0
5360 7934 0
5424 8087 0
5475 6266 0
5687 7069 0
5689 7089 0
5724 7373 0
5786 7818 0
6007 6961 0
6026 7032 0
6376 7902 0
6771 6772 0
7034 7035 0
7036 7037 0
7080 7081 0
7082 7083 0
7084 7087 0
7161 7162 0
7612 7613 0
7975 7976 0
2205 5654 0
2205 5923 0
3656 3745 0
4327 4565 0
4327 4933 0
4565 4933 0
5654 5923 0
5925 6750 0
6747 6748 0
648 4179 0
648 5532 0
648 5534 0
648 6712 0
648 6722 0
1583 4094 0
1669 7663 0
1736 6427 0
1736 8053 0
1932 7176 0
2126 6214 0
2693 7166 0
2693 7167 0
2695 5699 0
2695 7169 0
2930 6218 0
3063 5262 0
3063 7675 0
3185 4748 0
3185 7834 0
3307 8031 0
3390 8143 0
3390 8144 0
3761 4596 0
3985 6870 0
4179 5532 0
4179 5534 0
4179 6712 0
4179 6722 0
4397 7685 0
4540 5664 0
4600 5097 0
4600 5466 0
4600 5703 0
4678 6192 0
4678 7465 0
4688 7501 0
4748 7834 0
4965 6815 0
4982 6859 0
4988 6681 0
4988 6892 0
5020 5552 0
5020 5700 0
5020 6074 0
5020 6978 0
5020 7220 0
5097 5466 0
5097 5703 0
5137 6107 0
5262 7675 0
5466 5703 0
5532 5534 0
5532 6712 0
5532 6722 0
5534 6712 0
5534 6722 0
5552 5700 0
5552 6074 0
5552 6978 0
5552 7220 0
5662 5960 0
5662 6839 0
5699 7169 0
5700 6074 0
5700 6978 0
5700 7220 0
5937 6763 0
5960 6839 0
6004 6954 0
6074 6978 0
6074 7220 0
6192 7465 0
6300 7731 0
6300 7733 0
6427 8053 0
6681 6892 0
6712 6722 0
6885 6886 0
6978 7220 0
7166 7167 0
7321 7322 0
7664 8057 0
7719 7720 0
7731 7733 0
7809 7814 0
8124 8125 0
8136 8137 0
8143 8144 0
208 5587 0
1103 3913 0
1349 3380 0
1349 5382 0
1349 6369 0
1349 7970 0
1349 8107 0
1349 8118 0
1349 8119 0
1679 5773 0
1740 6434 0
1793 4102 0
1793 4547 0
1793 4564 0
1793 5029 0
1793 5030 0
1793 5888 0
1793 6034 0
1793 7001 0
1793 7005 0
1793 7051 0
1875 5769 0
1897 4574 0
1945 3959 0
2360 6318 0
2360 7785 0
2425 5406 0
2653 5024 0
2653 5032 0
2653 5348 0
2653 6375 0
2653 6991 0
2653 6992 0
2884 7441 0
3068 6272 0
3128 3943 0
3128 4742 0
3213 3214 0
3223 4260 0
3235 3236 0
3311 5401 0
3311 5606 0
3314 5404 0
3314 8048 0
3380 5382 0
3380 6369 0
3380 7970 0
3380 8107 0
3380 8118 0
3380 8119 0
3381 7974 0
3381 8109 0
3388 3389 0
3388 5434 0
3389 5434 0
3588 4338 0
3870 4986 0
3943 4742 0
4102 4547 0
4102 4564 0
4102 5029 0
4102 5030 0
4102 5888 0
4102 6034 0
4102 7001 0
4102 7005 0
4102 7051 0
4119 4363 0
4139 5271 0
4331 5684 0
4403 8060 0
4449 4798 0
4547 4564 0
4547 5029 0
4547 5030 0
4547 5888 0
4547 6034 0
4547 7001 0
4547 7005 0
4547 7051 0
4564 5029 0
4564 5030 0
4564 5888 0
4564 6034 0
4564 7001 0
4564 7005 0
4564 7051 0
4652 5161 0
4659 5723 0
4707 5246 0
4797 6068 0
4954 6764 0
4991 5979 0
5024 5032 0
5024 5348 0
5024 6375 0
5024 6991 0
5024 6992 0
5029 5030 0
5029 5888 0
5029 6034 0
5029 7001 0
5029 7005 0
5029 7051 0
5030 5888 0
5030 6034 0
5030 7001 0
5030 7005 0
5030 7051 0
5032 5348 0
5032 6375 0
5032 6991 0
5032 6992 0
5125 6097 0
5207 5210 0
5207 6199 0
5207 7486 0
5210 6199 0
5210 7486 0
5272 7704 0
5348 6375 0
5348 6991 0
5348 6992 0
5382 6369 0
5382 7970 0
5382 8107 0
5382 8118 0
5382 8119 0
5398 8023 0
5401 5606 0
5404 8048 0
5442 8163 0
5888 6034 0
5888 7001 0
5888 7005 0
5888 7051 0
6016 6988 0
6021 6022 0
6034 7001 0
6034 7005 0
6034 7051 0
6191 7460 0
6199 7486 0
6281 7695 0
6290 6385 0
6318 7785 0
6369 7970 0
6369 8107 0
6369 8118 0
6369 8119 0
6375 6991 0
6375 6992 0
6724 7157 0
6725 7159 0
6725 7160 0
6991 6992 0
7001 7005 0
7001 7051 0
7005 7051 0
7022 7023 0
7044 7045 0
7085 7086 0
7159 7160 0
7558 7559 0
7558 7621 0
7558 7622 0
7559 7621 0
7559 7622 0
7596 7597 0
7621 7622 0
7699 7700 0
7970 8107 0
7970 8118 0
7970 8119 0
7974 8109 0
7985 7986 0
8107 8118 0
8107 8119 0
8118 8119 0
698 1545 0
1748 4452 0
1926 4942 0
1926 4943 0
1926 6744 0
1926 6745 0
2172 6465 0
3657 6757 0
3673 4202 0
3673 5061 0
3673 5063 0
3673 6047 0
3673 7119 0
3673 7120 0
3673 7121 0
4202 5061 0
4202 5063 0
4202 6047 0
4202 7119 0
4202 7120 0
4202 7121 0
4942 4943 0
4942 6744 0
4942 6745 0
4943 6744 0
4943 6745 0
4944 6746 0
5061 5063 0
5061 6047 0
5061 7119 0
5061 7120 0
5061 7121 0
5063 6047 0
5063 7119 0
5063 7120 0
5063 7121 0
5064 7117 0
6047 7119 0
6047 7120 0
6047 7121 0
6260 7617 0
6744 6745 0
7090 7091 0
7119 7120 0
7119 7121 0
7120 7121 0
897 1091 0
897 3677 0
897 3760 0
897 5916 0
897 6081 0
897 7180 0
897 7219 0
1091 3677 0
1091 3760 0
1091 5916 0
1091 6081 0
1091 7180 0
1091 7219 0
2578 3743 0
2578 4513 0
2578 4912 0
2578 4914 0
2578 4994 0
2578 5900 0
2578 5901 0
2578 6683 0
2578 6685 0
2578 6690 0
2578 6691 0
2578 6766 0
2578 6898 0
3437 6301 0
3624 7835 0
3677 3760 0
3677 5916 0
3677 6081 0
3677 7180 0
3677 7219 0
3705 4376 0
3743 4513 0
3743 4912 0
3743 4914 0
3743 4994 0
3743 5900 0
3743 5901 0
3743 6683 0
3743 6685 0
3743 6690 0
3743 6691 0
3743 6766 0
3743 6898 0
3759 5074 0
3759 6057 0
3759 6955 0
3759 6956 0
3760 5916 0
3760 6081 0
3760 7180 0
3760 7219 0
3897 7240 0
3914 7429 0
4342 7217 0
4342 7218 0
4459 8145 0
4513 4912 0
4513 4914 0
4513 4994 0
4513 5900 0
4513 5901 0
4513 6683 0
4513 6685 0
4513 6690 0
4513 6691 0
4513 6766 0
4513 6898 0
4544 5666 0
4544 6857 0
4912 4914 0
4912 4994 0
4912 5900 0
4912 5901 0
4912 6683 0
4912 6685 0
4912 6690 0
4912 6691 0
4912 6766 0
4912 6898 0
4914 4994 0
4914 5900 0
4914 5901 0
4914 6683 0
4914 6685 0
4914 6690 0
4914 6691 0
4914 6766 0
4914 6898 0
4994 5900 0
4994 5901 0
4994 6683 0
4994 6685 0
4994 6690 0
4994 6691 0
4994 6766 0
4994 6898 0
5074 6057 0
5074 6955 0
5074 6956 0
5193 6182 0
5309 7802 0
5432 5828 0
5666 6857 0
5900 5901 0
5900 6683 0
5900 6685 0
5900 6690 0
5900 6691 0
5900 6766 0
5900 6898 0
5901 6683 0
5901 6685 0
5901 6690 0
5901 6691 0
5901 6766 0
5901 6898 0
5916 6081 0
5916 7180 0
5916 7219 0
6057 6955 0
6057 6956 0
6081 7180 0
6081 7219 0
6683 6685 0
6683 6690 0
6683 6691 0
6683 6766 0
6683 6898 0
6685 6690 0
6685 6691 0
6685 6766 0
6685 6898 0
6690 6691 0
6690 6766 0
6690 6898 0
6691 6766 0
6691 6898 0
6766 6898 0
6955 6956 0
7180 7219 0
7217 7218 0
7229 7230 0
7233 7234 0
7511 7512 0
7709 7760 0
7709 7761 0
7737 7746 0
7737 7747 0
7746 7747 0
7752 7753 0
7760 7761 0
4950 5935 0
6418 8029 0
6695 6758 0
211 372 0
359 4015 0
382 650 0
456 689 0
1052 4576 0
1071 2623 0
1071 2628 0
1071 4317 0
1071 5972 0
1071 6762 0
1071 6860 0
1071 6861 0
1071 6862 0
1071 6865 0
1071 6866 0
1071 6877 0
1071 6878 0
1540 3729 0
1587 1927 0
1587 4537 0
1587 4538 0
1587 5600 0
1587 6834 0
1662 2970 0
1662 6241 0
1675 6275 0
1911 2994 0
1911 5756 0
1927 4537 0
1927 4538 0
1927 5600 0
1927 6834 0
1931 4103 0
2396 5362 0
2396 6394 0
2445 6436 0
2445 6437 0
2623 2628 0
2623 4317 0
2623 5972 0
2623 6762 0
2623 6860 0
2623 6861 0
2623 6862 0
2623 6865 0
2623 6866 0
2623 6877 0
2623 6878 0
2628 4317 0
2628 5972 0
2628 6762 0
2628 6860 0
2628 6861 0
2628 6862 0
2628 6865 0
2628 6866 0
2628 6877 0
2628 6878 0
2690 3891 0
2690 4592 0
2911 3918 0
2911 4374 0
2911 5208 0
2911 5209 0
2911 7479 0
2911 7481 0
2970 6241 0
2994 5756 0
3017 8039 0
3132 5312 0
3132 7832 0
3308 5400 0
3308 8037 0
3309 8038 0
3346 4273 0
3354 8077 0
3357 4275 0
3357 8078 0
3399 5444 0
3399 8165 0
3664 5661 0
3664 5959 0
3664 7918 0
3800 4388 0
3830 5417 0
3891 4592 0
3918 4374 0
3918 5208 0
3918 5209 0
3918 7479 0
3918 7481 0
4275 8078 0
4317 5972 0
4317 6762 0
4317 6860 0
4317 6861 0
4317 6862 0
4317 6865 0
4317 6866 0
4317 6877 0
4317 6878 0
4335 7064 0
4374 5208 0
4374 5209 0
4374 7479 0
4374 7481 0
4537 4538 0
4537 5600 0
4537 6834 0
4538 5600 0
4538 6834 0
4593 5082 0
4643 6145 0
4692 7534 0
4714 5267 0
4953 6879 0
4953 8108 0
4956 4958 0
4956 5939 0
4956 6788 0
4956 6789 0
4958 5939 0
4958 6788 0
4958 6789 0
5028 5043 0
5028 5683 0
5028 6765 0
5028 7002 0
5028 7004 0
5043 5683 0
5043 6765 0
5043 7002 0
5043 7004 0
5120 7259 0
5150 7336 0
5208 5209 0
5208 7479 0
5208 7481 0
5209 7479 0
5209 7481 0
5312 7832 0
5349 7901 0
5362 6394 0
5400 8037 0
5423 7137 0
5423 8084 0
5444 8165 0
5492 6033 0
5518 8082 0
5600 6834 0
5661 5959 0
5661 7918 0
5683 6765 0
5683 7002 0
5683 7004 0
5802 6433 0
5939 6788 0
5939 6789 0
5953 6804 0
5959 7918 0
5972 6762 0
5972 6860 0
5972 6861 0
5972 6862 0
5972 6865 0
5972 6866 0
5972 6877 0
5972 6878 0
6035 7006 0
6035 7007 0
6155 7370 0
6381 6382 0
6436 6437 0
6762 6860 0
6762 6861 0
6762 6862 0
6762 6865 0
6762 6866 0
6762 6877 0
6762 6878 0
6765 7002 0
6765 7004 0
6788 6789 0
6860 6861 0
6860 6862 0
6860 6865 0
6860 6866 0
6860 6877 0
6860 6878 0
6861 6862 0
6861 6865 0
6861 6866 0
6861 6877 0
6861 6878 0
6862 6865 0
6862 6866 0
6862 6877 0
6862 6878 0
6865 6866 0
6865 6877 0
6865 6878 0
6866 6877 0
6866 6878 0
6877 6878 0
6879 8108 0
6981 6985 0
7002 7004 0
7006 7007 0
7012 7013 0
7028 7029 0
7061 7062 0
7137 8084 0
7479 7481 0
7493 7494 0
7843 7844 0
8014 8015 0
692 970 0
696 783 0
696 784 0
783 784 0
2061 3955 0
2061 5801 0
2061 6383 0
2061 7915 0
2566 6657 0
2566 6660 0
2566 7116 0
2566 7118 0
3716 4242 0
3955 5801 0
3955 6383 0
3955 7915 0
4136 4240 0
4448 5609 0
4769 7948 0
4769 7950 0
5361 6392 0
5361 7936 0
5361 7937 0
5801 6383 0
5801 7915 0
5822 5823 0
5822 6401 0
5822 8089 0
5823 6401 0
5823 8089 0
5889 6662 0
6020 6658 0
6040 7076 0
6383 7915 0
6392 7936 0
6392 7937 0
6401 8089 0
6657 6660 0
6657 7116 0
6657 7118 0
6660 7116 0
6660 7118 0
7116 7118 0
7122 7123 0
7936 7937 0
7948 7950 0
7963 7964 0
936 937 0
936 1358 0
937 1358 0
2347 3059 0
2347 3060 0
2347 3933 0
2347 5258 0
2347 7673 0
2347 7674 0
2715 7273 0
3059 3060 0
3059 3933 0
3059 5258 0
3059 7673 0
3059 7674 0
3060 3933 0
3060 5258 0
3060 7673 0
3060 7674 0
3630 5513 0
3630 5514 0
3630 7867 0
3630 7879 0
3679 5535 0
3679 6075 0
3679 6080 0
3733 7978 0
3766 5554 0
3933 5258 0
3933 7673 0
3933 7674 0
4066 4251 0
4400 5771 0
4400 6308 0
4400 7707 0
4601 4602 0
4601 7195 0
4602 7195 0
4908 6674 0
5127 5128 0
5228 6230 0
5258 7673 0
5258 7674 0
5274 6306 0
5274 7708 0
5293 7754 0
5346 7894 0
5436 8146 0
5513 5514 0
5513 7867 0
5513 7879 0
5514 7867 0
5514 7879 0
5535 6075 0
5535 6080 0
5771 6308 0
5771 7707 0
5788 7816 0
6075 6080 0
6135 6136 0
6306 7708 0
6308 7707 0
7242 7243 0
7673 7674 0
7782 7783 0
7867 7879 0
1756 5447 0
12 951 0
233 234 0
335 710 0
353 630 0
394 2092 0
394 3986 0
394 5468 0
952 4098 0
1672 1673 0
1672 7678 0
1672 7679 0
1673 7678 0
1673 7679 0
1742 1781 0
1742 4795 0
1742 5073 0
1764 2841 0
1764 3597 0
1764 3687 0
1764 4221 0
1764 4357 0
1764 4642 0
1781 4795 0
1781 5073 0
1856 3998 0
1871 4231 0
1947 5817 0
1947 8075 0
1968 5734 0
2092 3986 0
2092 5468 0
2167 3637 0
2240 4620 0
2240 6103 0
2430 3635 0
2430 4791 0
2430 5481 0
2672 3888 0
2672 4585 0
2841 3597 0
2841 3687 0
2841 4221 0
2841 4357 0
2841 4642 0
2867 7408 0
3066 7676 0
3067 7677 0
3184 6341 0
3184 7833 0
3334 5259 0
3337 8068 0
3343 4272 0
3361 3362 0
3397 6463 0
3597 3687 0
3597 4221 0
3597 4357 0
3597 4642 0
3635 4791 0
3635 5481 0
3687 4221 0
3687 4357 0
3687 4642 0
3825 5460 0
3869 5976 0
3871 4955 0
3871 4987 0
3888 4585 0
3930 7602 0
3986 5468 0
4221 4357 0
4221 4642 0
4357 4642 0
4523 5651 0
4620 6103 0
4646 7347 0
4682 6196 0
4791 5481 0
4795 5073 0
4955 4987 0
5268 7697 0
5279 6296 0
5303 7779 0
5304 7780 0
5762 7620 0
5817 8075 0
5876 8069 0
6255 7610 0
6341 7833 0
6366 7890 0
6806 6807 0
7678 7679 0
7904 7916 0
8041 8042 0
8045 8046 0
1914 3006 0
1914 4137 0
1939 6184 0
2405 4437 0
2405 7965 0
3006 4137 0
3607 4129 0
4437 7965 0
4520 4940 0
4520 6740 0
4567 5021 0
4567 6726 0
4567 6727 0
4940 6740 0
5021 6726 0
5021 6727 0
5610 8079 0
5874 6596 0
6726 6727 0
7074 7075 0
1874 7224 0
1933 7178 0
1972 3316 0
1972 6426 0
3058 5261 0
3186 6342 0
3186 7836 0
3316 6426 0
3509 6689 0
3621 7767 0
3678 3764 0
3678 4603 0
3678 7198 0
3764 4603 0
3764 7198 0
3798 6239 0
3872 5669 0
3872 6890 0
3938 6303 0
4005 5100 0
4005 7215 0
4106 4340 0
4603 7198 0
4995 6902 0
5100 7215 0
5307 6319 0
5407 8055 0
5507 7736 0
5510 5593 0
5669 6890 0
6087 7231 0
6342 7836 0
6368 7891 0
6457 8142 0
6729 7200 0
7866 7880 0
8061 8062 0
5652 6741 0
975 3728 0
1060 3928 0
1631 7386 0
1678 7718 0
2629 4318 0
2629 4319 0
2868 5731 0
3077 4717 0
3102 4736 0
3300 5397 0
3300 8022 0
3747 6830 0
3783 7376 0
3904 5158 0
4257 4432 0
4257 6370 0
4276 6443 0
4276 7921 0
4276 7922 0
4318 4319 0
4348 7253 0
4362 5166 0
4405 4406 0
4432 6370 0
4686 7488 0
5204 7471 0
5205 7476 0
5281 7729 0
5397 8022 0
5548 5677 0
6443 7921 0
6443 7922 0
6802 6809 0
7014 7015 0
7055 7056 0
7141 7142 0
7738 7751 0
7921 7922 0
162 557 0
560 587 0
562 1539 0
645 1854 0
1783 2439 0
1783 3814 0
1783 5418 0
1951 4305 0
1951 5928 0
2153 5602 0
2153 6400 0
2439 3814 0
2439 5418 0
2888 3916 0
2890 7444 0
3746 5940 0
3814 5418 0
4305 5928 0
4451 6447 0
4451 7919 0
4771 5370 0
5602 6400 0
5929 5930 0
6447 7919 0
729 5302 0
2622 4980 0
3295 8016 0
3482 5453 0
3617 3618 0
3723 7837 0
3898 7288 0
4343 6078 0
4350 6101 0
4350 6102 0
4350 7268 0
4507 5529 0
4913 6684 0
4913 6688 0
5114 7239 0
5202 5203 0
5831 6458 0
6101 6102 0
6101 7268 0
6102 7268 0
6169 7406 0
6294 7722 0
6294 7723 0
6684 6688 0
6811 6812 0
6853 6854 0
7201 7204 0
7722 7723 0
7758 7759 0
7884 7885 0
3859 6743 0
3861 6749 0
137 386 0
188 308 0
613 826 0
1047 6056 0
1259 3934 0
1765 3782 0
1936 2851 0
1936 5173 0
1940 5199 0
1940 7455 0
1940 7458 0
1946 3263 0
1956 4326 0
1956 5025 0
1956 6983 0
1956 6984 0
2461 3398 0
2668 6041 0
2851 5173 0
2852 3784 0
2904 4679 0
2990 6251 0
3084 5277 0
3103 5305 0
3379 8105 0
3692 3780 0
4014 4223 0
4326 5025 0
4326 6983 0
4326 6984 0
4407 7799 0
4508 5986 0
4531 6797 0
4648 4649 0
5025 6983 0
5025 6984 0
5199 7455 0
5199 7458 0
5663 5963 0
6280 7692 0
6297 7726 0
6983 6984 0
7066 7067 0
7455 7458 0
7897 7898 0
7924 7925 0
192 343 0
1302 6787 0
1654 5744 0
2356 3937 0
2356 5286 0
2398 5367 0
2398 7955 0
3178 7826 0
3450 3972 0
3484 5511 0
3489 7959 0
3576 6631 0
3612 4239 0
3768 5129 0
3937 5286 0
4149 4415 0
4176 4504 0
4176 6649 0
4393 5578 0
4504 6649 0
4745 7819 0
5367 7955 0
5950 6795 0
6462 8161 0
3104 7788 0
3377 8103 0
3748 4542 0
4604 7205 0
4729 4730 0
4729 7721 0
4730 7721 0
6295 7725 0
7770 7771 0
1049 1822 0
1254 4134 0
1254 5503 0
2080 5653 0
4134 5503 0
4304 5922 0
4524 4525 0
186 332 0
478 695 0
1597 7252 0
1987 3996 0
2232 7136 0
2411 4439 0
2411 5379 0
2411 5551 0
2570 6817 0
2875 7420 0
3540 3602 0
3693 6157 0
3704 5733 0
3883 6993 0
4189 5958 0
4439 5379 0
4439 5551 0
4917 6929 0
5379 5551 0
5533 6873 0
5678 5679 0
6206 7495 0
6357 6363 0
164 738 0
164 940 0
738 940 0
1032 1770 0
1081 3836 0
1081 6454 0
1870 4370 0
2020 5485 0
2978 2979 0
2978 7595 0
2979 7595 0
3836 6454 0
3922 4696 0
4436 7946 0
4706 6250 0
5287 6305 0
5317 7807 0
5579 5761 0
5882 6630 0
6353 7856 0
1095 7749 0
1116 1299 0
1406 3879 0
1934 4115 0
2197 4295 0
2197 5636 0
3763 5098 0
4295 5636 0
4372 6190 0
4915 6687 0
6302 7734 0
7838 7839 0
8051 8052 0
8149 8150 0
221 267 0
1521 2158 0
2133 3433 0
782 2436 0
827 1217 0
1305 3755 0
1305 4332 0
1423 3769 0
1423 7275 0
1423 7276 0
1465 2290 0
1465 4364 0
1629 3695 0
1629 7378 0
2142 2351 0
2216 5658 0
2290 4364 0
2444 3352 0
2662 5031 0
3695 7378 0
3755 4332 0
3769 7275 0
3769 7276 0
3819 7969 0
4378 4379 0
5155 6143 0
5200 7464 0
5347 7895 0
5559 6148 0
5640 5896 0
5722 6152 0
7275 7276 0
7794 7795 0
226 227 0
226 1107 0
226 1835 0
227 1107 0
227 1835 0
583 3710 0
680 743 0
934 1065 0
1055 3424 0
1107 1835 0
1304 2093 0
1365 4077 0
1643 2882 0
1643 2883 0
1643 2899 0
1692 4412 0
1737 4723 0
1737 5409 0
1737 8056 0
1896 2660 0
1896 3885 0
2393 4764 0
2660 3885 0
2687 7153 0
2882 2883 0
2882 2899 0
2883 2899 0
3208 6358 0
3208 7869 0
3277 6411 0
3277 6412 0
3396 3497 0
3396 3498 0
3497 3498 0
3530 3593 0
3530 7278 0
3555 4145 0
3593 7278 0
3669 3670 0
4067 4253 0
4232 7499 0
4294 5633 0
4723 5409 0
4723 8056 0
5409 8056 0
5564 5565 0
5643 6697 0
6186 6187 0
6358 7869 0
6411 6412 0
6913 6914 0
2705 5553 0
2705 7171 0
3765 4615 0
3772 5136 0
3947 4418 0
4616 6091 0
5553 7171 0
6164 7391 0
6686 6692 0
1913 4020 0
2592 2593 0
3817 5375 0
4088 4173 0
194 347 0
340 7688 0
572 3663 0
588 1534 0
1721 3823 0
1909 2322 0
2457 6452 0
2948 6229 0
2972 7588 0
3231 7939 0
4605 5704 0
7362 7363 0
284 988 0
284 1762 0
438 786 0
438 828 0
522 3981 0
596 752 0
658 1020 0
725 2981 0
772 1771 0
786 828 0
788 3405 0
919 3980 0
988 1762 0
1033 3553 0
1667 3028 0
1667 3803 0
1667 7641 0
1667 7642 0
1700 5322 0
2192 2549 0
2192 4869 0
2298 5472 0
2335 5245 0
2335 7603 0
2549 4869 0
2602 5657 0
2651 2652 0
2676 4589 0
2681 5070 0
2689 7154 0
3028 3803 0
3028 7641 0
3028 7642 0
3224 3225 0
3229 7938 0
3330 3331 0
3330 5815 0
3330 6432 0
3331 5815 0
3331 6432 0
3697 4664 0
3803 7641 0
3803 7642 0
4246 5585 0
4262 6399 0
4308 6776 0
5245 7603 0
5815 6432 0
7641 7642 0
1514 3622 0
1514 3722 0
1514 4419 0
1514 5509 0
1514 5594 0
1650 5738 0
2613 6813 0
2613 6814 0
3110 7792 0
3622 3722 0
3622 4419 0
3622 5509 0
3622 5594 0
3722 4419 0
3722 5509 0
3722 5594 0
4419 5509 0
4419 5594 0
5213 7503 0
5509 5594 0
5906 6701 0
6813 6814 0
533 1825 0
533 1826 0
635 1851 0
660 1056 0
1389 2586 0
1392 3409 0
1820 4522 0
1825 1826 0
2339 6263 0
3005 5474 0
3254 3724 0
3254 5378 0
3641 4799 0
3641 5821 0
3724 5378 0
3971 3975 0
4799 5821 0
357 618 0
573 1105 0
1001 1057 0
1028 5560 0
1535 2437 0
1590 7057 0
1633 3469 0
1767 4128 0
1824 3866 0
1890 3404 0
1962 7202 0
2855 3603 0
2989 7604 0
3149 6333 0
3839 8168 0
4164 8127 0
5339 5340 0
5339 5341 0
5339 7873 0
5340 5341 0
5340 7873 0
5341 7873 0
90 129 0
336 576 0
380 930 0
474 2150 0
815 4140 0
968 3795 0
993 1073 0
993 1841 0
1061 4390 0
1073 1841 0
1722 3269 0
2003 2847 0
2064 2156 0
2401 6402 0
2401 7962 0
2675 3589 0
2675 5691 0
2860 5178 0
2860 5179 0
3430 4051 0
3468 3604 0
3474 4021 0
3589 5691 0
4261 4763 0
4329 4330 0
4724 6289 0
5178 5179 0
6402 7962 0
7421 7422 0
2704 5702 0
3378 4454 0
4555 5991 0
5214 7508 0
152 262 0
344 520 0
839 3461 0
1042 5454 0
1814 2069 0
2007 7581 0
2007 7582 0
4307 4527 0
7581 7582 0
250 405 0
358 640 0
517 730 0
632 922 0
632 3480 0
922 3480 0
1024 4571 0
1356 4785 0
1356 5390 0
1880 4417 0
1937 3428 0
1937 4368 0
1944 3816 0
1944 4153 0
1944 5601 0
2639 5002 0
3410 3976 0
3428 4368 0
3816 4153 0
3816 5601 0
4153 5601 0
4785 5390 0
4792 5415 0
641 1798 0
641 4127 0
1798 4127 0
3458 5455 0
96 121 0
96 180 0
121 180 0
206 506 0
206 994 0
214 337 0
312 396 0
312 1324 0
396 1324 0
477 824 0
477 1127 0
506 994 0
824 1127 0
998 999 0
1064 2414 0
1064 5391 0
1094 5732 0
1143 1228 0
2414 5391 0
2614 5490 0
2658 2659 0
2658 3754 0
2658 7008 0
2659 3754 0
2659 7008 0
2922 3546 0
3350 4796 0
3754 7008 0
3771 5712 0
4758 6371 0
4758 6372 0
6371 6372 0
1040 1777 0
1040 1807 0
1040 2383 0
1040 2384 0
1040 3187 0
1040 3623 0
1040 5477 0
1040 5592 0
1040 6344 0
1040 6345 0
1097 6349 0
1777 1807 0
1777 2383 0
1777 2384 0
1777 3187 0
1777 3623 0
1777 5477 0
1777 5592 0
1777 6344 0
1777 6345 0
1807 2383 0
1807 2384 0
1807 3187 0
1807 3623 0
1807 5477 0
1807 5592 0
1807 6344 0
1807 6345 0
2383 2384 0
2383 3187 0
2383 3623 0
2383 5477 0
2383 5592 0
2383 6344 0
2383 6345 0
2384 3187 0
2384 3623 0
2384 5477 0
2384 5592 0
2384 6344 0
2384 6345 0
2644 4561 0
2644 4562 0
3187 3623 0
3187 5477 0
3187 5592 0
3187 6344 0
3187 6345 0
3543 3605 0
3623 5477 0
3623 5592 0
3623 6344 0
3623 6345 0
3953 7887 0
4561 4562 0
5477 5592 0
5477 6344 0
5477 6345 0
5592 6344 0
5592 6345 0
6344 6345 0
68 246 0
762 4013 0
1201 3435 0
1411 2670 0
2049 5580 0
2395 4435 0
2395 5804 0
2843 6150 0
3226 6393 0
3284 5392 0
4278 5611 0
4435 5804 0
1485 7572 0
1818 4492 0
1878 1916 0
2097 5010 0
2097 6951 0
2299 5563 0
2982 2983 0
3078 7696 0
3873 5676 0
4430 5345 0
5010 6951 0
5342 7876 0
5483 5520 0
316 967 0
327 561 0
554 1160 0
601 1799 0
663 3640 0
1216 1278 0
1216 1741 0
1216 2165 0
1216 2166 0
1216 2434 0
1278 1741 0
1278 2165 0
1278 2166 0
1278 2434 0
1741 2165 0
1741 2166 0
1741 2434 0
1830 1899 0
2165 2166 0
2165 2434 0
2166 2434 0
2598 2643 0
3086 3087 0
3584 4192 0
3662 5542 0
3827 4270 0
4131 4236 0
4366 7368 0
4402 5774 0
202 352 0
475 1210 0
629 2702 0
920 3940 0
920 3941 0
1338 5770 0
2703 4599 0
3940 3941 0
991 1795 0
1128 1743 0
1192 2041 0
1192 4367 0
1192 5726 0
1244 3541 0
1594 3416 0
2041 4367 0
2041 5726 0
2135 2337 0
4367 5726 0
5499 5500 0
26 532 0
26 2028 0
26 5469 0
532 2028 0
532 5469 0
2028 5469 0
2121 6198 0
2193 4870 0
2877 7423 0
3292 8013 0
751 1186 0
879 1270 0
879 1271 0
879 2452 0
879 3370 0
879 3448 0
879 3642 0
879 3994 0
879 4154 0
879 4161 0
879 4800 0
1177 1224 0
1270 1271 0
1270 2452 0
1270 3370 0
1270 3448 0
1270 3642 0
1270 3994 0
1270 4154 0
1270 4161 0
1270 4800 0
1271 2452 0
1271 3370 0
1271 3448 0
1271 3642 0
1271 3994 0
1271 4154 0
1271 4161 0
1271 4800 0
2397 5530 0
2452 3370 0
2452 3448 0
2452 3642 0
2452 3994 0
2452 4154 0
2452 4161 0
2452 4800 0
3255 5807 0
3370 3448 0
3370 3642 0
3370 3994 0
3370 4154 0
3370 4161 0
3370 4800 0
3448 3642 0
3448 3994 0
3448 4154 0
3448 4161 0
3448 4800 0
3642 3994 0
3642 4154 0
3642 4161 0
3642 4800 0
3994 4154 0
3994 4161 0
3994 4800 0
4154 4161 0
4154 4800 0
4161 4800 0
39 263 0
228 713 0
744 947 0
1413 1794 0
1413 3674 0
1591 4575 0
1591 7058 0
1709 1810 0
1723 3282 0
1794 3674 0
1838 3538 0
2311 4375 0
2342 7639 0
2342 7640 0
2459 8158 0
2552 3649 0
3007 6262 0
3418 4107 0
3963 8071 0
4091 6625 0
4125 5561 0
4575 7058 0
4773 5806 0
6019 6996 0
7639 7640 0
195 8138 0
1403 4322 0
1498 3094 0
1498 7762 0
3094 7762 0
490 5936 0
986 1580 0
473 1516 0
578 4049 0
602 858 0
973 1847 0
1140 1184 0
1255 5755 0
1703 5790 0
1805 3436 0
2894 2895 0
2896 2897 0
2896 5196 0
2897 5196 0
3252 3253 0
3347 4074 0
5456 5656 0
378 655 0
4087 5627 0
4255 7878 0
368 1994 0
736 1273 0
736 2410 0
821 1109 0
821 1161 0
821 1211 0
821 1520 0
821 1778 0
821 2054 0
821 4263 0
821 5459 0
821 5603 0
1109 1161 0
1109 1211 0
1109 1520 0
1109 1778 0
1109 2054 0
1109 4263 0
1109 5459 0
1109 5603 0
1161 1211 0
1161 1520 0
1161 1778 0
1161 2054 0
1161 4263 0
1161 5459 0
1161 5603 0
1211 1520 0
1211 1778 0
1211 2054 0
1211 4263 0
1211 5459 0
1211 5603 0
1273 2410 0
1520 1778 0
1520 2054 0
1520 4263 0
1520 5459 0
1520 5603 0
1778 2054 0
1778 4263 0
1778 5459 0
1778 5603 0
2054 4263 0
2054 5459 0
2054 5603 0
2451 6449 0
4263 5459 0
4263 5603 0
5459 5603 0
275 624 0
275 625 0
624 625 0
838 954 0
1481 3609 0
1659 4695 0
2716 2717 0
2719 3532 0
2719 3533 0
3119 6323 0
3119 7798 0
3532 3533 0
6323 7798 0
3098 4143 0
1092 3425 0
2060 4150 0
2325 6233 0
3036 5765 0
3326 5413 0
3326 5813 0
3494 4157 0
5413 5813 0
6269 7646 0
4003 4872 0
4493 5872 0
589 1066 0
589 2392 0
589 2409 0
589 3999 0
589 4265 0
872 1269 0
872 1853 0
872 2408 0
1066 2392 0
1066 2409 0
1066 3999 0
1066 4265 0
1269 1853 0
1269 2408 0
1853 2408 0
2154 2400 0
2154 5805 0
2392 2409 0
2392 3999 0
2392 4265 0
2400 5805 0
2409 3999 0
2409 4265 0
3999 4265 0
586 4250 0
798 1236 0
921 4064 0
1225 3580 0
3069 3804 0
3069 7680 0
3074 5264 0
3278 3279 0
3804 7680 0
3805 6273 0
3952 7886 0
1969 5333 0
1017 3579 0
6203 7491 0
28 419 0
626 2406 0
626 3818 0
626 4438 0
1714 7953 0
2208 6783 0
2208 6784 0
2230 2683 0
2406 3818 0
2406 4438 0
2432 4444 0
3818 4438 0
3884 4568 0
6783 6784 0
85 193 0
1407 3460 0
3631 7881 0
6362 7877 0
493 571 0
493 891 0
493 2023 0
493 2082 0
493 2083 0
493 2098 0
493 5538 0
544 4124 0
571 891 0
571 2023 0
571 2082 0
571 2083 0
571 2098 0
571 5538 0
891 2023 0
891 2082 0
891 2083 0
891 2098 0
891 5538 0
1016 3974 0
1212 1272 0
1212 1350 0
1212 1522 0
1212 3562 0
1212 4266 0
1272 1350 0
1272 1522 0
1272 3562 0
1272 4266 0
1350 1522 0
1350 3562 0
1350 4266 0
1393 1582 0
1522 3562 0
1522 4266 0
2014 2159 0
2014 3634 0
2023 2082 0
2023 2083 0
2023 2098 0
2023 5538 0
2082 2083 0
2082 2098 0
2082 5538 0
2083 2098 0
2083 5538 0
2098 5538 0
2123 3545 0
2159 3634 0
3246 5371 0
3562 4266 0
1343 5784 0
1845 2354 0
1845 3620 0
2354 3620 0
2686 4046 0
2944 6225 0
2456 6451 0
2456 8104 0
6451 8104 0
703 2594 0
2309 2907 0
1022 1997 0
2063 3444 0
2388 3442 0
3022 7638 0
3025 3026 0
467 516 0
467 1158 0
516 1158 0
1172 4000 0
1222 3654 0
2044 4230 0
2081 3660 0
62 74 0
299 1408 0
1686 6324 0
1809 4421 0
6973 6974 0
3939 5294 0
604 3431 0
905 961 0
905 4121 0
961 4121 0
1079 1517 0
1079 3486 0
1079 7871 0
1517 3486 0
1517 7871 0
2925 3608 0
3486 7871 0
4024 4069 0
794 833 0
1234 1420 0
2169 4079 0
2169 5462 0
3348 5419 0
4079 5462 0
463 623 0
1829 2706 0
530 2021 0
5314 6332 0
133 774 0
133 866 0
177 178 0
774 866 0
916 1330 0
2196 5487 0
3000 3001 0
4424 4425 0
1167 2071 0
1167 2454 0
1167 4162 0
1167 4453 0
1167 5482 0
1167 5824 0
2071 2454 0
2071 4162 0
2071 4453 0
2071 5482 0
2071 5824 0
2454 4162 0
2454 4453 0
2454 5482 0
2454 5824 0
4162 4453 0
4162 5482 0
4162 5824 0
4453 5482 0
4453 5824 0
5482 5824 0
1418 3524 0
3393 4809 0
4427 6361 0
3050 3051 0
4070 6365 0
4611 5706 0
1515 4749 0
2386 3192 0
748 1018 0
823 1011 0
823 2164 0
1011 2164 0
1058 2912 0
3211 4256 0
3211 5515 0
4256 5515 0
5696 6061 0
190 509 0
1135 3511 0
1168 1990 0
2619 4190 0
135 319 0
1965 5180 0
3762 4597 0
3942 4144 0
99 216 0
657 1069 0
681 746 0
1072 2111 0
3272 6410 0
1884 2431 0
445 949 0
492 948 0
492 1178 0
492 4039 0
739 4029 0
931 1512 0
948 1178 0
948 4039 0
1178 4039 0
1226 2087 0
1527 2415 0
1989 4030 0
2938 2940 0
810 1802 0
2096 4993 0
1895 4194 0
248 2015 0
1086 1087 0
170 390 0
170 1759 0
185 790 0
185 1298 0
185 1388 0
390 1759 0
414 1179 0
790 1298 0
790 1388 0
1298 1388 0
1627 4011 0
2903 3792 0
2348 4713 0
4195 4550 0
4195 5673 0
4195 5674 0
4550 5673 0
4550 5674 0
5673 5674 0
1138 1139 0
1138 2089 0
1139 2089 0
331 649 0
570 890 0
1013 1282 0
1013 1366 0
1282 1366 0
1093 1906 0
1093 3539 0
1906 3539 0
907 3696 0
2095 2635 0
2095 6897 0
2317 2926 0
2635 6897 0
5659 6829 0
914 6197 0
2671 4200 0
3200 3201 0
418 1983 0
444 682 0
1117 1137 0
3093 4142 0
119 231 0
482 4078 0
1469 1630 0
2146 4414 0
3182 4065 0
551 585 0
510 631 0
817 3141 0
923 1076 0
1297 4509 0
4755 7883 0
1811 1919 0
9 131 0
2611 2612 0
2611 4311 0
2612 4311 0
1003 1908 0
31 57 0
363 552 0
363 816 0
552 816 0
114 892 0
2053 3552 0
2053 4062 0
3552 4062 0
2099 6014 0
869 1039 0
5694 5695 0
300 535 0
101 556 0
156 426 0
807 1645 0
2913 2914 0
3351 8073 0
462 808 0
462 913 0
808 913 0
1279 5420 0
2236 2699 0
2607 5951 0
34 125 0
314 460 0
1326 4050 0
2872 4671 0
20 87 0
274 323 0
2297 2871 0
2297 5562 0
2871 5562 0
350 793 0
1505 7811 0
1327 1869 0
1327 4369 0
1869 4369 0
2905 2906 0
11 512 0
11 1155 0
512 1155 0
81 158 0
147 393 0
3054 4396 0
3054 7667 0
4396 7667 0
1661 2964 0
2329 2957 0
531 569 0
3160 3161 0
4938 7448 0
