206 207 0
174 181 0
173 176 0
173 180 0
173 182 0
176 180 0
176 182 0
180 182 0
186 234 0
186 279 0
234 279 0
256 280 0
185 237 0
185 241 0
185 252 0
185 277 0
237 241 0
237 252 0
237 277 0
241 252 0
241 277 0
252 277 0
236 242 0
236 253 0
242 253 0
216 243 0
216 254 0
221 262 0
243 254 0
26 77 0
26 222 0
26 223 0
26 244 0
26 245 0
72 73 0
77 222 0
77 223 0
77 244 0
77 245 0
178 183 0
187 228 0
187 240 0
187 248 0
187 269 0
187 272 0
222 223 0
222 244 0
222 245 0
223 244 0
223 245 0
228 240 0
228 248 0
228 269 0
228 272 0
238 276 0
240 248 0
240 269 0
240 272 0
244 245 0
248 269 0
248 272 0
269 272 0
12 76 0
55 57 0
55 78 0
57 78 0
74 75 0
211 213 0
224 225 0
224 227 0
225 227 0
231 239 0
231 274 0
239 274 0
2 28 0
2 29 0
3 27 0
13 160 0
13 166 0
21 22 0
23 229 0
23 282 0
28 29 0
35 56 0
35 59 0
35 79 0
56 59 0
56 79 0
59 79 0
65 83 0
65 93 0
83 93 0
135 305 0
160 166 0
229 282 0
230 265 0
230 275 0
265 275 0
18 19 0
18 37 0
18 294 0
18 296 0
19 37 0
19 294 0
19 296 0
30 34 0
30 60 0
32 64 0
34 60 0
37 294 0
37 296 0
66 92 0
82 162 0
82 168 0
95 136 0
95 137 0
118 257 0
118 258 0
118 289 0
118 290 0
118 291 0
136 137 0
162 168 0
226 271 0
257 258 0
257 289 0
257 290 0
257 291 0
258 289 0
258 290 0
258 291 0
284 285 0
284 287 0
285 287 0
289 290 0
289 291 0
290 291 0
294 296 0
16 161 0
16 167 0
31 70 0
40 63 0
71 117 0
94 96 0
94 301 0
94 302 0
96 301 0
96 302 0
154 155 0
154 156 0
155 156 0
161 167 0
286 288 0
301 302 0
41 43 0
61 81 0
106 121 0
106 124 0
121 124 0
232 268 0
101 122 0
101 133 0
122 133 0
125 270 0
141 142 0
171 172 0
298 299 0
52 69 0
52 150 0
69 150 0
190 191 0
49 146 0
144 194 0
151 152 0
293 295 0
