206 207 0
179 175 1
54 278 1
54 174 1
54 181 1
174 181 0
173 176 0
173 180 0
173 182 0
173 256 1
173 280 1
176 180 0
176 182 0
176 256 1
176 280 1
180 182 0
180 256 1
180 280 1
182 256 1
182 280 1
186 234 0
249 186 1
255 186 1
256 186 1
186 279 0
280 186 1
249 234 1
255 234 1
256 234 1
234 279 0
280 234 1
249 255 1
249 256 1
249 279 1
249 280 1
255 256 1
255 279 1
255 280 1
256 279 1
256 280 0
280 279 1
185 233 1
185 237 0
185 241 0
185 252 0
185 277 0
237 233 1
241 233 1
252 233 1
277 233 1
237 241 0
237 252 0
237 277 0
241 252 0
241 277 0
252 277 0
250 235 1
235 236 1
235 242 1
235 247 1
235 253 1
236 242 0
236 253 0
247 236 1
242 253 0
247 242 1
247 253 1
250 247 1
247 251 1
216 243 0
216 246 1
216 254 0
219 216 1
221 216 1
262 216 1
219 221 1
219 243 1
219 254 1
219 262 1
221 262 0
221 243 1
221 254 1
243 246 1
243 254 0
262 243 1
254 246 1
262 254 1
26 77 0
26 222 0
26 223 0
26 244 0
26 245 0
187 26 1
228 26 1
240 26 1
248 26 1
269 26 1
272 26 1
26 267 1
72 73 0
77 222 0
77 223 0
77 244 0
77 245 0
187 77 1
228 77 1
240 77 1
248 77 1
269 77 1
272 77 1
77 267 1
178 183 0
238 178 1
178 266 1
276 178 1
238 183 1
183 266 1
276 183 1
210 187 1
187 228 0
238 187 1
187 240 0
187 248 0
187 263 1
187 266 1
187 267 1
187 269 0
187 272 0
276 187 1
187 222 1
187 223 1
187 244 1
187 245 1
210 228 1
210 238 1
210 240 1
210 248 1
210 269 1
210 272 1
210 276 1
222 223 0
222 244 0
222 245 0
228 222 1
240 222 1
248 222 1
269 222 1
272 222 1
222 267 1
223 244 0
223 245 0
228 223 1
240 223 1
248 223 1
269 223 1
272 223 1
223 267 1
238 228 1
228 240 0
228 248 0
228 263 1
228 266 1
228 267 1
228 269 0
228 272 0
276 228 1
228 244 1
228 245 1
238 266 1
238 276 0
238 240 1
238 248 1
238 269 1
238 272 1
240 248 0
240 263 1
240 266 1
240 267 1
240 269 0
240 272 0
276 240 1
240 244 1
240 245 1
244 245 0
248 244 1
269 244 1
272 244 1
244 267 1
248 245 1
269 245 1
272 245 1
245 267 1
248 263 1
248 266 1
248 267 1
248 269 0
248 272 0
276 248 1
263 266 1
263 267 1
263 269 1
263 272 1
276 266 1
266 267 1
266 269 1
266 272 1
269 267 1
272 267 1
269 272 0
276 269 1
276 272 1
198 1 1
1 12 1
1 55 1
1 57 1
1 76 1
1 78 1
1 224 1
1 225 1
1 227 1
1 231 1
1 239 1
1 274 1
12 55 1
12 57 1
12 76 0
12 78 1
12 224 1
12 225 1
12 227 1
12 231 1
12 239 1
12 274 1
58 12 1
198 12 1
211 12 1
213 12 1
55 57 0
55 78 0
55 84 1
55 76 1
55 224 1
55 225 1
55 227 1
55 231 1
55 239 1
55 274 1
57 78 0
57 84 1
57 76 1
57 224 1
57 225 1
57 227 1
57 231 1
57 239 1
57 274 1
58 76 1
58 198 1
58 211 1
58 213 1
74 75 0
76 78 1
76 224 1
76 225 1
76 227 1
76 231 1
76 239 1
76 274 1
198 76 1
211 76 1
213 76 1
78 84 1
78 224 1
78 225 1
78 227 1
78 231 1
78 239 1
78 274 1
84 224 1
84 225 1
84 227 1
84 130 1
153 211 1
153 213 1
198 211 1
198 213 1
211 213 0
211 231 1
211 239 1
211 273 1
211 274 1
213 231 1
213 239 1
213 273 1
213 274 1
224 225 0
224 227 0
231 224 1
239 224 1
274 224 1
225 227 0
231 225 1
239 225 1
274 225 1
231 227 1
239 227 1
274 227 1
231 239 0
231 264 1
273 231 1
231 274 0
239 264 1
273 239 1
239 274 0
273 264 1
264 274 1
273 274 1
2 28 0
2 29 0
2 116 1
2 13 1
2 21 1
2 22 1
2 23 1
2 35 1
2 56 1
2 59 1
2 79 1
2 160 1
2 166 1
2 229 1
2 282 1
3 2 1
27 2 1
3 27 0
3 28 1
3 29 1
13 21 1
13 22 1
13 23 1
13 28 1
13 29 1
13 35 1
13 56 1
13 59 1
13 79 1
13 160 0
13 166 0
13 229 1
13 282 1
15 13 1
13 135 1
13 169 1
13 170 1
13 283 1
13 305 1
15 35 1
15 56 1
15 59 1
15 65 1
15 79 1
15 83 1
15 93 1
15 170 1
15 160 1
15 166 1
21 22 0
21 283 1
21 304 1
23 21 1
28 21 1
29 21 1
35 21 1
56 21 1
59 21 1
79 21 1
160 21 1
166 21 1
229 21 1
282 21 1
22 283 1
22 304 1
23 22 1
28 22 1
29 22 1
35 22 1
56 22 1
59 22 1
79 22 1
160 22 1
166 22 1
229 22 1
282 22 1
65 23 1
83 23 1
93 23 1
23 229 0
230 23 1
265 23 1
275 23 1
23 282 0
23 28 1
23 29 1
23 35 1
23 56 1
23 59 1
23 79 1
23 160 1
23 166 1
27 28 1
27 29 1
28 29 0
28 116 1
28 35 1
28 56 1
28 59 1
28 79 1
28 160 1
28 166 1
28 229 1
28 282 1
29 116 1
29 35 1
29 56 1
29 59 1
29 79 1
29 160 1
29 166 1
29 229 1
29 282 1
35 56 0
35 59 0
65 35 1
35 79 0
83 35 1
93 35 1
35 116 1
35 170 1
35 160 1
35 166 1
35 229 1
35 282 1
56 59 0
65 56 1
56 79 0
83 56 1
93 56 1
56 116 1
56 170 1
56 160 1
56 166 1
56 229 1
56 282 1
65 59 1
59 79 0
83 59 1
93 59 1
59 116 1
59 170 1
59 160 1
59 166 1
59 229 1
59 282 1
65 83 0
65 93 0
65 229 1
65 230 1
65 265 1
65 275 1
65 282 1
65 79 1
83 79 1
93 79 1
79 116 1
79 170 1
79 160 1
79 166 1
79 229 1
79 282 1
83 93 0
83 229 1
83 230 1
83 265 1
83 275 1
83 282 1
93 229 1
93 230 1
93 265 1
93 275 1
93 282 1
160 135 1
166 135 1
169 135 1
170 135 1
135 283 1
135 305 0
160 166 0
160 229 1
160 282 1
160 169 1
160 170 1
160 283 1
160 305 1
166 229 1
166 282 1
166 169 1
166 170 1
166 283 1
166 305 1
169 170 1
169 283 1
169 305 1
170 283 1
170 305 1
230 229 1
265 229 1
275 229 1
229 282 0
230 265 0
230 275 0
230 282 1
265 275 0
265 282 1
275 282 1
283 304 1
283 305 1
4 14 1
4 30 1
4 34 1
4 60 1
7 217 1
7 139 1
14 30 1
14 34 1
14 60 1
14 284 1
14 285 1
14 287 1
14 18 1
14 19 1
14 37 1
14 82 1
14 162 1
14 168 1
14 294 1
14 296 1
18 19 0
18 37 0
18 226 1
18 271 1
18 294 0
18 296 0
82 18 1
18 118 1
162 18 1
168 18 1
18 257 1
18 258 1
18 284 1
18 285 1
18 287 1
18 289 1
18 290 1
18 291 1
18 300 1
19 37 0
19 226 1
19 271 1
19 294 0
19 296 0
82 19 1
19 118 1
162 19 1
168 19 1
19 257 1
19 258 1
19 284 1
19 285 1
19 287 1
19 289 1
19 290 1
19 291 1
19 300 1
30 34 0
30 60 0
33 30 1
30 32 1
30 64 1
30 66 1
30 82 1
30 92 1
30 162 1
30 168 1
33 32 1
32 64 0
67 32 1
32 34 1
32 60 1
32 66 1
32 82 1
32 92 1
32 162 1
32 168 1
33 64 1
33 67 1
33 34 1
33 60 1
34 60 0
34 64 1
34 66 1
34 82 1
34 92 1
34 162 1
34 168 1
37 226 1
37 271 1
37 294 0
37 296 0
82 37 1
37 118 1
162 37 1
168 37 1
37 257 1
37 258 1
37 284 1
37 285 1
37 287 1
37 289 1
37 290 1
37 291 1
37 300 1
60 64 1
60 66 1
60 82 1
60 92 1
60 162 1
60 168 1
67 64 1
64 66 1
64 82 1
64 92 1
64 162 1
64 168 1
66 92 0
66 217 1
66 82 1
66 162 1
66 168 1
67 66 1
67 92 1
82 92 1
82 162 0
82 168 0
82 204 1
82 95 1
82 136 1
82 137 1
82 294 1
82 296 1
92 217 1
92 162 1
92 168 1
103 95 1
95 136 0
95 137 0
162 95 1
168 95 1
204 95 1
95 300 1
103 136 1
103 137 1
103 204 1
118 226 1
118 257 0
118 258 0
118 261 1
118 271 1
118 289 0
118 290 0
118 291 0
284 118 1
285 118 1
287 118 1
294 118 1
296 118 1
118 300 1
136 137 0
162 136 1
168 136 1
204 136 1
136 300 1
162 137 1
168 137 1
204 137 1
137 300 1
139 204 1
162 168 0
162 204 1
162 294 1
162 296 1
168 204 1
168 294 1
168 296 1
226 257 1
226 258 1
226 261 1
226 271 0
226 289 1
226 290 1
226 291 1
294 226 1
296 226 1
257 258 0
257 261 1
257 271 1
257 289 0
257 290 0
257 291 0
284 257 1
285 257 1
287 257 1
294 257 1
296 257 1
257 300 1
258 261 1
258 271 1
258 289 0
258 290 0
258 291 0
284 258 1
285 258 1
287 258 1
294 258 1
296 258 1
258 300 1
271 261 1
289 261 1
290 261 1
291 261 1
271 289 1
271 290 1
271 291 1
294 271 1
296 271 1
284 285 0
284 287 0
284 289 1
284 290 1
284 291 1
284 294 1
284 296 1
284 300 1
285 287 0
285 289 1
285 290 1
285 291 1
285 294 1
285 296 1
285 300 1
287 289 1
287 290 1
287 291 1
287 294 1
287 296 1
287 300 1
289 290 0
289 291 0
294 289 1
296 289 1
289 300 1
290 291 0
294 290 1
296 290 1
290 300 1
294 291 1
296 291 1
291 300 1
294 296 0
294 300 1
296 300 1
8 154 1
8 155 1
8 156 1
8 11 1
11 24 1
11 16 1
11 161 1
11 167 1
11 20 1
11 36 1
16 24 1
16 161 0
16 167 0
16 218 1
16 20 1
16 286 1
16 288 1
20 24 1
36 20 1
20 80 1
20 120 1
20 161 1
20 167 1
20 286 1
20 288 1
24 161 1
24 167 1
24 218 1
24 80 1
31 70 0
31 36 1
31 80 1
36 80 1
36 120 1
36 138 1
36 70 1
40 63 0
80 40 1
40 119 1
40 129 1
40 286 1
40 288 1
80 63 1
63 119 1
63 129 1
63 286 1
63 288 1
70 80 1
71 117 0
154 71 1
155 71 1
156 71 1
71 218 1
80 120 1
80 129 1
94 96 0
94 119 1
120 94 1
138 94 1
94 301 0
94 302 0
96 119 1
120 96 1
138 96 1
96 301 0
96 302 0
154 117 1
155 117 1
156 117 1
117 218 1
120 119 1
119 129 1
119 301 1
119 302 1
119 286 1
119 288 1
119 292 1
120 129 1
120 138 1
120 301 1
120 302 1
138 301 1
138 302 1
154 140 1
155 140 1
156 140 1
154 155 0
154 156 0
155 156 0
161 167 0
161 218 1
161 286 1
161 288 1
167 218 1
167 286 1
167 288 1
286 288 0
286 292 1
288 292 1
301 302 0
9 61 1
9 81 1
41 43 0
85 41 1
41 131 1
41 232 1
41 260 1
41 268 1
85 43 1
43 131 1
43 232 1
43 260 1
43 268 1
45 47 1
45 106 1
45 121 1
45 124 1
45 98 1
47 85 1
47 86 1
61 81 0
85 232 1
85 268 1
85 281 1
86 85 1
97 134 1
97 98 1
97 104 1
98 104 1
98 297 1
106 121 0
106 124 0
106 131 1
106 134 1
121 124 0
121 131 1
121 134 1
124 131 1
124 134 1
134 131 1
131 260 1
232 268 0
281 232 1
232 260 1
260 268 1
281 260 1
281 268 1
281 297 1
25 42 1
25 62 1
25 141 1
25 142 1
141 38 1
142 38 1
38 298 1
38 299 1
38 107 1
62 42 1
89 42 1
141 42 1
142 42 1
53 62 1
53 141 1
53 142 1
62 141 1
62 142 1
89 141 1
89 142 1
107 101 1
101 122 0
101 132 1
101 133 0
107 122 1
107 132 1
107 133 1
122 132 1
122 133 0
125 270 0
125 214 1
132 133 1
141 142 0
141 298 1
141 299 1
142 298 1
142 299 1
171 172 0
214 171 1
214 172 1
270 214 1
298 299 0
17 123 1
17 113 1
44 123 1
149 44 1
44 145 1
44 259 1
112 44 1
44 128 1
48 113 1
48 128 1
50 149 1
112 123 1
112 149 1
113 128 1
113 123 1
149 123 1
259 126 1
149 145 1
145 259 1
188 205 1
188 259 1
259 205 1
52 69 0
52 87 1
52 150 0
52 190 1
52 191 1
52 108 1
52 110 1
69 87 1
69 150 0
69 190 1
69 191 1
69 108 1
69 110 1
150 87 1
87 190 1
87 191 1
87 108 1
150 108 1
108 190 1
108 191 1
110 108 1
108 189 1
110 150 1
150 190 1
150 191 1
189 195 1
190 191 0
46 127 1
49 146 0
49 199 1
143 144 1
143 194 1
199 143 1
144 194 0
199 144 1
144 192 1
144 196 1
146 199 1
192 194 1
192 196 1
199 194 1
194 196 1
151 109 1
152 109 1
109 165 1
151 152 0
165 293 1
165 295 1
197 203 1
293 295 0
