206 207 0
179 175 1
209 179 2
54 278 1
54 174 1
54 181 1
212 54 2
174 181 0
212 174 2
174 278 2
212 181 2
181 278 2
173 176 0
173 180 0
173 182 0
173 256 1
173 280 1
173 186 2
173 234 2
173 249 2
173 255 2
173 279 2
176 180 0
176 182 0
176 256 1
176 280 1
176 186 2
176 234 2
176 249 2
176 255 2
176 279 2
180 182 0
180 256 1
180 280 1
180 186 2
180 234 2
180 249 2
180 255 2
180 279 2
182 256 1
182 280 1
182 186 2
182 234 2
182 249 2
182 255 2
182 279 2
186 234 0
249 186 1
255 186 1
256 186 1
186 279 0
280 186 1
249 234 1
255 234 1
256 234 1
234 279 0
280 234 1
249 255 1
249 256 1
249 279 1
249 280 1
255 256 1
255 279 1
255 280 1
256 279 1
256 280 0
280 279 1
185 233 1
185 237 0
185 241 0
185 252 0
185 277 0
237 233 1
241 233 1
252 233 1
277 233 1
237 241 0
237 252 0
237 277 0
241 252 0
241 277 0
252 277 0
250 235 1
235 236 1
235 242 1
235 247 1
235 251 2
235 253 1
236 242 0
247 236 1
236 251 2
236 253 0
250 236 2
247 242 1
242 251 2
242 253 0
250 242 2
247 251 1
247 253 1
250 247 1
250 253 2
250 251 2
251 253 2
219 216 1
221 216 1
216 243 0
216 246 1
216 254 0
262 216 1
219 221 1
219 243 1
219 246 2
219 254 1
219 262 1
221 262 0
221 243 1
221 246 2
221 254 1
243 246 1
243 254 0
262 243 1
254 246 1
262 246 2
262 254 1
26 77 0
187 26 1
26 222 0
26 223 0
228 26 1
240 26 1
26 244 0
26 245 0
248 26 1
269 26 1
272 26 1
26 267 1
72 26 2
73 26 2
210 26 2
238 26 2
276 26 2
26 263 2
26 266 2
72 73 0
72 263 2
72 77 2
72 187 2
72 210 2
72 222 2
72 223 2
72 228 2
72 238 2
72 240 2
72 244 2
72 245 2
72 248 2
72 269 2
72 272 2
72 276 2
73 263 2
73 77 2
73 187 2
73 210 2
73 222 2
73 223 2
73 228 2
73 238 2
73 240 2
73 244 2
73 245 2
73 248 2
73 269 2
73 272 2
73 276 2
187 77 1
77 222 0
77 223 0
228 77 1
240 77 1
77 244 0
77 245 0
248 77 1
269 77 1
272 77 1
77 267 1
210 77 2
238 77 2
276 77 2
77 263 2
77 266 2
178 183 0
238 178 1
178 266 1
276 178 1
178 187 2
178 210 2
178 228 2
178 240 2
178 248 2
178 263 2
178 267 2
178 269 2
178 272 2
238 183 1
183 266 1
276 183 1
183 187 2
183 210 2
183 228 2
183 240 2
183 248 2
183 263 2
183 267 2
183 269 2
183 272 2
210 187 1
187 228 0
238 187 1
187 240 0
187 248 0
187 263 1
187 266 1
187 267 1
187 269 0
187 272 0
276 187 1
187 222 1
187 223 1
187 244 1
187 245 1
210 228 1
210 238 1
210 240 1
210 248 1
210 263 2
210 266 2
210 267 2
210 269 1
210 272 1
210 276 1
210 222 2
210 223 2
210 244 2
210 245 2
222 223 0
228 222 1
240 222 1
222 244 0
222 245 0
248 222 1
269 222 1
272 222 1
222 267 1
238 222 2
276 222 2
222 263 2
222 266 2
228 223 1
240 223 1
223 244 0
223 245 0
248 223 1
269 223 1
272 223 1
223 267 1
238 223 2
276 223 2
223 263 2
223 266 2
238 228 1
228 240 0
228 248 0
228 263 1
228 266 1
228 267 1
228 269 0
228 272 0
276 228 1
228 244 1
228 245 1
238 266 1
238 276 0
238 240 1
238 248 1
238 263 2
238 267 2
238 269 1
238 272 1
238 244 2
238 245 2
240 248 0
240 263 1
240 266 1
240 267 1
240 269 0
240 272 0
276 240 1
240 244 1
240 245 1
244 245 0
248 244 1
269 244 1
272 244 1
244 267 1
276 244 2
244 263 2
244 266 2
248 245 1
269 245 1
272 245 1
245 267 1
276 245 2
245 263 2
245 266 2
248 263 1
248 266 1
248 267 1
248 269 0
248 272 0
276 248 1
263 266 1
263 267 1
263 269 1
263 272 1
263 276 2
276 266 1
266 267 1
266 269 1
266 272 1
269 267 1
272 267 1
276 267 2
269 272 0
276 269 1
276 272 1
198 1 1
1 12 1
1 55 1
1 57 1
1 76 1
1 78 1
1 84 2
1 224 1
1 225 1
1 227 1
1 231 1
1 239 1
1 274 1
1 130 2
1 58 2
1 211 2
1 213 2
1 273 2
1 264 2
12 55 1
12 57 1
12 76 0
12 78 1
12 84 2
12 224 1
12 225 1
12 227 1
12 231 1
12 239 1
12 274 1
58 12 1
198 12 1
211 12 1
213 12 1
273 12 2
153 12 2
12 264 2
55 57 0
55 78 0
74 55 2
75 55 2
55 84 1
55 76 1
55 224 1
55 225 1
55 227 1
55 231 1
55 239 1
55 274 1
55 130 2
55 58 2
55 198 2
55 211 2
55 213 2
55 273 2
55 264 2
57 78 0
74 57 2
75 57 2
57 84 1
57 76 1
57 224 1
57 225 1
57 227 1
57 231 1
57 239 1
57 274 1
57 130 2
57 58 2
57 198 2
57 211 2
57 213 2
57 273 2
57 264 2
58 76 1
58 78 2
58 198 1
58 211 1
58 213 1
58 224 2
58 225 2
58 227 2
58 231 2
58 239 2
58 273 2
58 274 2
58 153 2
74 75 0
74 78 2
75 78 2
76 78 1
76 84 2
76 224 1
76 225 1
76 227 1
76 231 1
76 239 1
76 274 1
198 76 1
211 76 1
213 76 1
273 76 2
153 76 2
76 264 2
78 84 1
78 224 1
78 225 1
78 227 1
78 231 1
78 239 1
78 274 1
78 130 2
78 198 2
78 211 2
78 213 2
78 273 2
78 264 2
84 224 1
84 225 1
84 227 1
84 231 2
84 239 2
84 274 2
84 130 1
130 224 2
130 225 2
130 227 2
153 211 1
153 213 1
153 231 2
153 239 2
153 273 2
153 274 2
153 198 2
198 211 1
198 213 1
198 224 2
198 225 2
198 227 2
198 231 2
198 239 2
198 273 2
198 274 2
211 213 0
211 231 1
211 239 1
211 264 2
211 273 1
211 274 1
211 224 2
211 225 2
211 227 2
213 231 1
213 239 1
213 264 2
213 273 1
213 274 1
213 224 2
213 225 2
213 227 2
224 225 0
224 227 0
231 224 1
239 224 1
274 224 1
273 224 2
224 264 2
225 227 0
231 225 1
239 225 1
274 225 1
273 225 2
225 264 2
231 227 1
239 227 1
274 227 1
273 227 2
227 264 2
231 239 0
231 264 1
273 231 1
231 274 0
239 264 1
273 239 1
239 274 0
273 264 1
264 274 1
273 274 1
3 2 1
27 2 1
2 28 0
2 29 0
2 116 1
2 13 1
2 21 1
2 22 1
2 23 1
2 35 1
2 56 1
2 59 1
2 79 1
2 135 2
2 160 1
2 166 1
2 169 2
2 170 2
2 229 1
2 282 1
2 283 2
2 304 2
2 305 2
2 15 2
2 65 2
2 83 2
2 93 2
2 230 2
2 265 2
2 275 2
3 27 0
3 28 1
3 29 1
3 116 2
3 13 2
3 15 2
3 21 2
3 22 2
3 23 2
3 35 2
3 56 2
3 59 2
3 65 2
3 79 2
3 83 2
3 93 2
3 160 2
3 166 2
3 229 2
3 230 2
3 265 2
3 275 2
3 282 2
13 21 1
13 22 1
13 23 1
13 28 1
13 29 1
13 35 1
13 56 1
13 59 1
13 79 1
13 135 1
13 160 0
13 166 0
13 169 1
13 170 1
13 229 1
13 282 1
13 283 1
13 304 2
13 305 1
15 13 1
27 13 2
65 13 2
83 13 2
93 13 2
230 13 2
265 13 2
275 13 2
13 116 2
15 35 1
15 56 1
15 59 1
15 65 1
15 79 1
15 83 1
15 93 1
15 116 2
15 170 1
15 21 2
15 22 2
15 23 2
15 27 2
15 28 2
15 29 2
15 160 1
15 166 1
15 229 2
15 230 2
15 265 2
15 275 2
15 282 2
15 135 2
15 169 2
15 283 2
15 305 2
21 22 0
23 21 1
28 21 1
29 21 1
35 21 1
56 21 1
59 21 1
79 21 1
21 135 2
160 21 1
166 21 1
21 169 2
21 170 2
229 21 1
282 21 1
21 283 1
21 304 1
21 305 2
27 21 2
65 21 2
83 21 2
93 21 2
230 21 2
265 21 2
275 21 2
21 116 2
23 22 1
28 22 1
29 22 1
35 22 1
56 22 1
59 22 1
79 22 1
22 135 2
160 22 1
166 22 1
22 169 2
22 170 2
229 22 1
282 22 1
22 283 1
22 304 1
22 305 2
27 22 2
65 22 2
83 22 2
93 22 2
230 22 2
265 22 2
275 22 2
22 116 2
65 23 1
83 23 1
93 23 1
23 229 0
230 23 1
265 23 1
275 23 1
23 282 0
23 28 1
23 29 1
23 35 1
23 56 1
23 59 1
23 79 1
23 135 2
23 160 1
23 166 1
23 169 2
23 170 2
23 283 2
23 304 2
23 305 2
23 27 2
23 116 2
27 28 1
27 29 1
27 116 2
27 35 2
27 56 2
27 59 2
27 65 2
27 79 2
27 83 2
27 93 2
27 160 2
27 166 2
27 229 2
27 230 2
27 265 2
27 275 2
27 282 2
28 29 0
28 116 1
28 35 1
28 56 1
28 59 1
28 79 1
28 135 2
28 160 1
28 166 1
28 169 2
28 170 2
28 229 1
28 282 1
28 283 2
28 304 2
28 305 2
28 65 2
28 83 2
28 93 2
28 230 2
28 265 2
28 275 2
29 116 1
29 35 1
29 56 1
29 59 1
29 79 1
29 135 2
29 160 1
29 166 1
29 169 2
29 170 2
29 229 1
29 282 1
29 283 2
29 304 2
29 305 2
29 65 2
29 83 2
29 93 2
29 230 2
29 265 2
29 275 2
35 56 0
35 59 0
65 35 1
35 79 0
83 35 1
93 35 1
35 116 1
35 170 1
35 135 2
35 160 1
35 166 1
35 169 2
35 229 1
35 282 1
35 283 2
35 304 2
35 305 2
35 230 2
35 265 2
35 275 2
56 59 0
65 56 1
56 79 0
83 56 1
93 56 1
56 116 1
56 170 1
56 135 2
56 160 1
56 166 1
56 169 2
56 229 1
56 282 1
56 283 2
56 304 2
56 305 2
56 230 2
56 265 2
56 275 2
65 59 1
59 79 0
83 59 1
93 59 1
59 116 1
59 170 1
59 135 2
59 160 1
59 166 1
59 169 2
59 229 1
59 282 1
59 283 2
59 304 2
59 305 2
59 230 2
59 265 2
59 275 2
65 83 0
65 93 0
65 229 1
65 230 1
65 265 1
65 275 1
65 282 1
65 79 1
65 116 2
65 170 2
65 160 2
65 166 2
83 79 1
93 79 1
79 116 1
79 170 1
79 135 2
79 160 1
79 166 1
79 169 2
79 229 1
79 282 1
79 283 2
79 304 2
79 305 2
79 230 2
79 265 2
79 275 2
83 93 0
83 229 1
83 230 1
83 265 1
83 275 1
83 282 1
83 116 2
83 170 2
83 160 2
83 166 2
93 229 1
93 230 1
93 265 1
93 275 1
93 282 1
93 116 2
93 170 2
93 160 2
93 166 2
116 170 2
116 160 2
116 166 2
116 229 2
116 282 2
160 135 1
166 135 1
169 135 1
170 135 1
135 229 2
135 282 2
135 283 1
135 304 2
135 305 0
160 166 0
160 169 1
160 170 1
160 229 1
160 282 1
160 283 1
160 304 2
160 305 1
230 160 2
265 160 2
275 160 2
166 169 1
166 170 1
166 229 1
166 282 1
166 283 1
166 304 2
166 305 1
230 166 2
265 166 2
275 166 2
169 170 1
169 229 2
169 282 2
169 283 1
169 304 2
169 305 1
170 229 2
170 282 2
170 283 1
170 304 2
170 305 1
230 229 1
265 229 1
275 229 1
229 282 0
229 283 2
229 304 2
229 305 2
230 265 0
230 275 0
230 282 1
265 275 0
265 282 1
275 282 1
282 283 2
282 304 2
282 305 2
283 304 1
283 305 1
305 304 2
4 14 1
4 30 1
4 33 2
4 34 1
4 60 1
4 18 2
4 19 2
4 32 2
4 37 2
4 64 2
4 66 2
4 82 2
4 92 2
4 162 2
4 168 2
4 217 2
4 226 2
4 271 2
4 294 2
4 296 2
4 284 2
4 285 2
4 287 2
7 217 1
7 66 2
7 67 2
7 92 2
7 139 1
7 14 2
7 18 2
7 19 2
7 37 2
7 82 2
7 162 2
7 168 2
7 204 2
7 294 2
7 296 2
14 30 1
33 14 2
14 34 1
14 60 1
14 18 1
14 19 1
14 32 2
14 37 1
14 64 2
14 66 2
14 82 1
14 92 2
14 162 1
14 168 1
14 217 2
14 226 2
14 271 2
14 294 1
14 296 1
14 284 1
14 285 1
14 287 1
14 95 2
14 118 2
14 136 2
14 137 2
14 139 2
14 204 2
14 257 2
14 258 2
14 289 2
14 290 2
14 291 2
14 300 2
18 19 0
18 37 0
18 118 1
18 226 1
18 257 1
18 258 1
18 261 2
18 271 1
18 284 1
18 285 1
18 287 1
18 289 1
18 290 1
18 291 1
18 294 0
18 296 0
18 300 1
30 18 2
32 18 2
34 18 2
60 18 2
64 18 2
66 18 2
82 18 1
92 18 2
162 18 1
168 18 1
217 18 2
18 95 2
18 136 2
18 137 2
139 18 2
204 18 2
19 37 0
19 118 1
19 226 1
19 257 1
19 258 1
19 261 2
19 271 1
19 284 1
19 285 1
19 287 1
19 289 1
19 290 1
19 291 1
19 294 0
19 296 0
19 300 1
30 19 2
32 19 2
34 19 2
60 19 2
64 19 2
66 19 2
82 19 1
92 19 2
162 19 1
168 19 1
217 19 2
19 95 2
19 136 2
19 137 2
139 19 2
204 19 2
33 30 1
30 34 0
30 60 0
30 32 1
30 64 1
30 66 1
30 67 2
30 82 1
30 92 1
30 162 1
30 168 1
30 204 2
30 95 2
30 136 2
30 137 2
30 37 2
30 217 2
30 226 2
30 271 2
30 294 2
30 296 2
30 284 2
30 285 2
30 287 2
33 32 1
32 64 0
67 32 1
32 34 1
32 60 1
32 66 1
32 82 1
32 92 1
32 162 1
32 168 1
32 204 2
32 95 2
32 136 2
32 137 2
32 37 2
32 217 2
32 226 2
32 271 2
32 294 2
32 296 2
33 64 1
33 67 1
33 34 1
33 60 1
33 66 2
33 82 2
33 92 2
33 162 2
33 168 2
33 204 2
34 60 0
34 64 1
34 66 1
34 67 2
34 82 1
34 92 1
34 162 1
34 168 1
34 204 2
34 95 2
34 136 2
34 137 2
34 37 2
34 217 2
34 226 2
34 271 2
34 294 2
34 296 2
34 284 2
34 285 2
34 287 2
37 118 1
37 226 1
37 257 1
37 258 1
37 261 2
37 271 1
37 284 1
37 285 1
37 287 1
37 289 1
37 290 1
37 291 1
37 294 0
37 296 0
37 300 1
60 37 2
64 37 2
66 37 2
82 37 1
92 37 2
162 37 1
168 37 1
217 37 2
37 95 2
37 136 2
37 137 2
139 37 2
204 37 2
60 64 1
60 66 1
60 67 2
60 82 1
60 92 1
60 162 1
60 168 1
60 204 2
60 95 2
60 136 2
60 137 2
60 217 2
60 226 2
60 271 2
60 294 2
60 296 2
60 284 2
60 285 2
60 287 2
67 64 1
64 66 1
64 82 1
64 92 1
64 162 1
64 168 1
64 204 2
64 95 2
64 136 2
64 137 2
64 217 2
64 226 2
64 271 2
64 294 2
64 296 2
67 66 1
66 92 0
66 139 2
66 217 1
66 82 1
66 162 1
66 168 1
66 204 2
66 95 2
66 136 2
66 137 2
66 226 2
66 271 2
66 294 2
66 296 2
67 92 1
67 139 2
67 217 2
67 82 2
67 162 2
67 168 2
67 204 2
82 92 1
82 162 0
82 168 0
82 204 1
82 95 1
82 103 2
82 136 1
82 137 1
82 217 2
82 226 2
82 271 2
82 294 1
82 296 1
82 118 2
82 139 2
82 257 2
82 258 2
82 284 2
82 285 2
82 287 2
82 289 2
82 290 2
82 291 2
82 300 2
92 139 2
92 217 1
92 162 1
92 168 1
92 204 2
92 95 2
92 136 2
92 137 2
92 226 2
92 271 2
92 294 2
92 296 2
103 95 1
95 136 0
95 137 0
162 95 1
168 95 1
204 95 1
95 118 2
95 139 2
95 257 2
95 258 2
95 284 2
95 285 2
95 287 2
95 289 2
95 290 2
95 291 2
95 294 2
95 296 2
95 300 1
103 136 1
103 137 1
103 162 2
103 168 2
103 204 1
103 139 2
103 300 2
118 226 1
118 257 0
118 258 0
118 261 1
118 271 1
284 118 1
285 118 1
287 118 1
118 289 0
118 290 0
118 291 0
294 118 1
296 118 1
118 300 1
136 118 2
137 118 2
162 118 2
168 118 2
136 137 0
162 136 1
168 136 1
204 136 1
136 139 2
136 257 2
136 258 2
136 284 2
136 285 2
136 287 2
136 289 2
136 290 2
136 291 2
136 294 2
136 296 2
136 300 1
162 137 1
168 137 1
204 137 1
137 139 2
137 257 2
137 258 2
137 284 2
137 285 2
137 287 2
137 289 2
137 290 2
137 291 2
137 294 2
137 296 2
137 300 1
139 217 2
139 162 2
139 168 2
139 204 1
139 294 2
139 296 2
139 300 2
162 168 0
162 204 1
162 217 2
162 226 2
162 271 2
162 294 1
162 296 1
162 257 2
162 258 2
162 284 2
162 285 2
162 287 2
162 289 2
162 290 2
162 291 2
162 300 2
168 204 1
168 217 2
168 226 2
168 271 2
168 294 1
168 296 1
168 257 2
168 258 2
168 284 2
168 285 2
168 287 2
168 289 2
168 290 2
168 291 2
168 300 2
204 294 2
204 296 2
204 300 2
217 226 2
217 271 2
217 294 2
217 296 2
226 257 1
226 258 1
226 261 1
226 271 0
226 284 2
226 285 2
226 287 2
226 289 1
226 290 1
226 291 1
294 226 1
296 226 1
226 300 2
257 258 0
257 261 1
257 271 1
284 257 1
285 257 1
287 257 1
257 289 0
257 290 0
257 291 0
294 257 1
296 257 1
257 300 1
258 261 1
258 271 1
284 258 1
285 258 1
287 258 1
258 289 0
258 290 0
258 291 0
294 258 1
296 258 1
258 300 1
271 261 1
284 261 2
285 261 2
287 261 2
289 261 1
290 261 1
291 261 1
294 261 2
296 261 2
300 261 2
271 284 2
271 285 2
271 287 2
271 289 1
271 290 1
271 291 1
294 271 1
296 271 1
271 300 2
284 285 0
284 287 0
284 289 1
284 290 1
284 291 1
284 294 1
284 296 1
284 300 1
285 287 0
285 289 1
285 290 1
285 291 1
285 294 1
285 296 1
285 300 1
287 289 1
287 290 1
287 291 1
287 294 1
287 296 1
287 300 1
289 290 0
289 291 0
294 289 1
296 289 1
289 300 1
290 291 0
294 290 1
296 290 1
290 300 1
294 291 1
296 291 1
291 300 1
294 296 0
294 300 1
296 300 1
5 11 2
5 20 2
5 24 2
5 31 2
5 36 2
5 70 2
5 80 2
8 6 2
11 6 2
6 20 2
36 6 2
6 138 2
6 140 2
8 71 2
8 117 2
8 154 1
8 155 1
8 156 1
8 218 2
8 11 1
8 24 2
8 16 2
8 140 2
8 161 2
8 167 2
8 20 2
8 36 2
11 24 1
11 16 1
11 71 2
11 117 2
11 140 2
11 154 2
11 155 2
11 156 2
11 161 1
11 167 1
11 218 2
11 20 1
11 31 2
11 36 1
11 70 2
11 80 2
11 120 2
11 138 2
11 286 2
11 288 2
16 24 1
71 16 2
117 16 2
140 16 2
154 16 2
155 16 2
156 16 2
16 161 0
16 167 0
16 218 1
16 20 1
16 40 2
16 63 2
16 80 2
16 286 1
16 288 1
16 36 2
16 94 2
16 96 2
16 119 2
16 120 2
16 292 2
16 301 2
16 302 2
20 24 1
31 20 2
36 20 1
70 20 2
20 80 1
20 40 2
20 63 2
20 161 1
20 167 1
20 218 2
20 286 1
20 288 1
20 120 1
20 129 2
20 138 2
20 94 2
20 96 2
20 119 2
20 292 2
20 301 2
20 302 2
24 71 2
24 117 2
24 161 1
24 167 1
24 218 1
24 31 2
24 36 2
24 70 2
24 80 1
24 40 2
24 63 2
24 286 2
24 288 2
24 120 2
24 129 2
31 70 0
31 88 2
31 36 1
31 80 1
31 120 2
31 129 2
31 138 2
31 40 2
31 63 2
31 71 2
31 117 2
36 70 1
36 80 1
36 120 1
36 129 2
36 138 1
36 40 2
36 63 2
36 71 2
36 117 2
36 140 2
36 154 2
36 155 2
36 156 2
36 94 2
36 96 2
36 119 2
36 301 2
36 302 2
36 161 2
36 167 2
36 286 2
36 288 2
40 63 0
71 40 2
80 40 1
117 40 2
70 40 2
40 94 2
40 96 2
40 119 1
40 120 2
40 129 1
40 301 2
40 302 2
40 286 1
40 288 1
40 292 2
40 161 2
40 167 2
40 218 2
71 63 2
80 63 1
117 63 2
70 63 2
63 94 2
63 96 2
63 119 1
63 120 2
63 129 1
63 301 2
63 302 2
63 286 1
63 288 1
63 292 2
63 161 2
63 167 2
63 218 2
70 88 2
70 80 1
70 120 2
70 129 2
70 138 2
70 71 2
70 117 2
71 117 0
154 71 1
155 71 1
156 71 1
71 218 1
140 71 2
71 161 2
71 167 2
71 80 2
88 71 2
80 120 1
80 129 1
80 138 2
80 117 2
80 94 2
80 96 2
80 119 2
80 301 2
80 302 2
80 161 2
80 167 2
80 218 2
80 286 2
80 288 2
88 117 2
88 140 2
88 154 2
88 155 2
88 156 2
94 96 0
105 94 2
94 119 1
120 94 1
94 129 2
138 94 1
140 94 2
94 301 0
94 302 0
94 161 2
94 167 2
94 286 2
94 288 2
94 292 2
105 96 2
96 119 1
120 96 1
96 129 2
138 96 1
140 96 2
96 301 0
96 302 0
96 161 2
96 167 2
96 286 2
96 288 2
96 292 2
105 138 2
105 140 2
105 301 2
105 302 2
154 117 1
155 117 1
156 117 1
117 218 1
140 117 2
117 161 2
117 167 2
120 119 1
119 129 1
138 119 2
119 301 1
119 302 1
119 286 1
119 288 1
119 292 1
119 161 2
119 167 2
120 129 1
120 138 1
120 301 1
120 302 1
120 161 2
120 167 2
120 286 2
120 288 2
120 292 2
138 129 2
129 301 2
129 302 2
129 286 2
129 288 2
129 292 2
138 140 2
138 301 1
138 302 1
154 140 1
155 140 1
156 140 1
140 161 2
140 167 2
140 301 2
140 302 2
154 155 0
154 156 0
154 218 2
154 161 2
154 167 2
155 156 0
155 218 2
155 161 2
155 167 2
156 218 2
156 161 2
156 167 2
161 167 0
161 218 1
161 286 1
161 288 1
161 292 2
161 301 2
161 302 2
167 218 1
167 286 1
167 288 1
167 292 2
167 301 2
167 302 2
218 286 2
218 288 2
286 288 0
286 292 1
286 301 2
286 302 2
288 292 1
288 301 2
288 302 2
301 292 2
302 292 2
301 302 0
9 61 1
9 81 1
9 220 2
9 47 2
9 281 2
9 297 2
9 45 2
41 43 0
45 41 2
47 41 2
85 41 1
86 41 2
98 41 2
41 106 2
41 121 2
41 124 2
41 131 1
41 134 2
41 232 1
41 260 1
41 268 1
41 281 2
45 43 2
47 43 2
85 43 1
86 43 2
98 43 2
43 106 2
43 121 2
43 124 2
43 131 1
43 134 2
43 232 1
43 260 1
43 268 1
43 281 2
45 47 1
45 106 1
45 121 1
45 124 1
45 61 2
45 81 2
45 85 2
45 86 2
45 98 1
45 97 2
45 104 2
45 131 2
45 134 2
45 260 2
45 281 2
45 297 2
47 106 2
47 121 2
47 124 2
47 61 2
47 81 2
47 85 1
47 86 1
47 220 2
47 232 2
47 268 2
47 281 2
47 297 2
47 98 2
61 81 0
61 220 2
61 85 2
61 86 2
61 281 2
61 297 2
61 98 2
81 220 2
81 85 2
81 86 2
81 281 2
81 297 2
81 98 2
86 85 1
85 220 2
85 232 1
85 268 1
85 281 1
85 297 2
85 98 2
85 106 2
85 121 2
85 124 2
85 131 2
85 134 2
85 260 2
86 97 2
86 134 2
86 220 2
86 232 2
86 268 2
86 281 2
86 297 2
86 98 2
97 134 1
97 98 1
97 104 1
97 106 2
97 121 2
97 124 2
97 131 2
97 297 2
98 104 1
98 106 2
98 121 2
98 124 2
98 131 2
98 134 2
98 260 2
98 281 2
98 297 1
104 106 2
104 121 2
104 124 2
104 131 2
104 134 2
104 297 2
106 121 0
106 124 0
106 131 1
106 134 1
106 260 2
106 281 2
121 124 0
121 131 1
121 134 1
121 260 2
121 281 2
124 131 1
124 134 1
124 260 2
124 281 2
134 131 1
131 232 2
131 260 1
131 268 2
131 281 2
134 260 2
134 281 2
220 232 2
220 268 2
220 281 2
220 297 2
232 268 0
281 232 1
297 232 2
232 260 1
260 268 1
281 260 1
297 260 2
281 268 1
297 268 2
281 297 1
25 42 1
25 53 2
25 62 1
25 89 2
25 141 1
25 142 1
25 38 2
25 298 2
25 299 2
53 38 2
89 38 2
141 38 1
142 38 1
38 298 1
38 299 1
38 42 2
38 62 2
38 125 2
38 270 2
38 107 1
38 101 2
38 122 2
38 132 2
38 133 2
39 53 2
39 107 2
53 42 2
62 42 1
89 42 1
141 42 1
142 42 1
42 298 2
42 299 2
53 107 2
53 62 1
53 89 2
53 141 1
53 142 1
53 298 2
53 299 2
62 89 2
62 141 1
62 142 1
62 298 2
62 299 2
62 107 2
89 141 1
89 142 1
89 298 2
89 299 2
107 101 1
101 122 0
101 132 1
101 133 0
101 298 2
101 299 2
101 306 2
107 122 1
107 132 1
107 133 1
107 141 2
107 142 2
107 298 2
107 299 2
122 132 1
122 133 0
122 298 2
122 299 2
122 306 2
125 270 0
125 171 2
125 172 2
125 214 1
125 306 2
132 133 1
132 306 2
133 298 2
133 299 2
133 306 2
141 142 0
141 298 1
141 299 1
142 298 1
142 299 1
171 172 0
214 171 1
270 171 2
306 171 2
214 172 1
270 172 2
306 172 2
270 214 1
214 306 2
270 306 2
298 299 0
17 50 2
17 44 2
17 112 2
17 123 1
17 145 2
17 149 2
17 259 2
17 48 2
17 113 1
17 128 2
17 205 2
50 44 2
112 44 1
44 123 1
149 44 1
44 126 2
44 145 1
44 259 1
44 113 2
44 128 1
44 48 2
44 99 2
44 188 2
44 205 2
48 50 2
48 113 1
48 128 1
48 188 2
48 112 2
48 123 2
48 149 2
50 113 2
50 128 2
50 145 2
50 149 1
50 112 2
50 123 2
113 99 2
123 99 2
128 99 2
99 205 2
112 123 1
112 149 1
112 145 2
112 259 2
112 113 2
112 128 2
113 128 1
113 123 1
113 149 2
113 205 2
149 123 1
123 145 2
123 259 2
123 128 2
123 205 2
145 126 2
259 126 1
126 188 2
126 205 2
128 149 2
128 145 2
128 188 2
128 205 2
128 259 2
149 145 1
145 259 1
145 188 2
145 205 2
149 259 2
188 205 1
188 259 1
259 205 1
52 69 0
52 87 1
52 150 0
52 190 1
52 191 1
52 108 1
52 110 1
52 189 2
69 87 1
69 150 0
69 190 1
69 191 1
69 108 1
69 110 1
69 189 2
150 87 1
87 190 1
87 191 1
87 108 1
110 87 2
87 189 2
108 100 2
189 100 2
100 195 2
110 102 2
110 108 1
150 108 1
108 190 1
108 191 1
108 189 1
108 195 2
110 150 1
110 190 2
110 191 2
110 189 2
150 190 1
150 191 1
150 189 2
189 195 1
189 190 2
189 191 2
190 191 0
190 195 2
191 195 2
49 46 2
46 127 1
146 46 2
46 199 2
46 144 2
46 163 2
46 192 2
46 194 2
46 196 2
49 127 2
49 146 0
49 68 2
49 91 2
49 143 2
49 144 2
49 194 2
49 199 1
51 68 2
68 143 2
146 68 2
91 143 2
91 144 2
91 146 2
91 194 2
91 199 2
91 196 2
146 127 2
127 199 2
127 144 2
127 192 2
127 194 2
127 196 2
143 144 1
146 143 2
143 194 1
199 143 1
143 192 2
143 196 2
146 144 2
144 194 0
199 144 1
144 192 1
144 196 1
144 163 2
146 194 2
146 199 1
192 163 2
194 163 2
196 163 2
192 194 1
192 196 1
192 199 2
199 194 1
194 196 1
199 196 2
151 109 1
152 109 1
109 197 2
109 203 2
109 215 2
109 165 1
109 293 2
109 295 2
193 148 2
151 152 0
151 193 2
151 215 2
151 197 2
151 203 2
151 165 2
152 193 2
152 215 2
152 197 2
152 203 2
152 165 2
165 215 2
165 293 1
165 295 1
197 193 2
193 203 2
197 203 1
215 293 2
215 295 2
293 295 0
111 201 2
111 147 2
201 164 2
90 202 2
