90 201 96.6667
111 152 96.5517
111 151 96.5517
164 293 96.5517
164 295 96.5517
203 196 96.4286
165 163 96.4286
293 295 100
293 163 96.4286
197 192 96.4286
152 151 100
152 144 96.4286
152 194 96.4286
272 269 100
272 240 100
272 228 100
162 168 100
83 65 100
83 93 100
79 59 100
79 56 100
79 35 100
206 207 100
21 22 100
18 19 100
275 230 100
277 185 100
150 52 100
150 69 100
150 145 96.1538
150 44 96.1538
150 149 96.1538
282 23 100
282 229 100
155 154 100
57 55 100
57 78 100
55 78 100
182 173 100
227 225 100
227 224 100
100 99 96.1538
274 231 100
274 239 100
166 160 100
225 224 100
290 289 100
290 291 100
231 239 100
59 56 100
59 35 100
186 234 100
236 253 100
237 241 100
237 277 100
237 185 100
110 128 96.1538
110 44 96.1538
279 186 100
279 234 100
240 228 100
113 133 96
113 122 96
113 107 96
113 101 96
241 277 100
241 185 100
176 180 100
176 182 100
176 173 100
49 146 100
49 150 96.2963
49 52 96.2963
49 110 96.2963
49 69 96.2963
23 229 100
280 256 100
26 244 100
26 222 100
26 223 100
26 245 100
26 77 100
222 223 100
222 245 100
222 77 100
269 240 100
269 228 100
12 76 100
248 272 100
248 269 100
248 240 100
248 228 100
121 124 100
244 222 100
244 223 100
244 245 100
244 77 100
75 74 100
252 237 100
252 241 100
252 277 100
252 185 100
125 270 100
223 245 100
223 77 100
96 94 100
96 302 100
96 301 100
56 35 100
183 178 100
174 181 100
3 27 100
257 290 100
257 289 100
257 291 100
180 182 100
180 173 100
265 275 100
265 230 100
29 2 100
156 155 100
156 154 100
65 93 100
242 236 100
242 253 100
216 254 100
245 77 100
118 258 100
118 257 100
118 290 100
118 289 100
118 291 100
187 248 100
187 272 100
187 269 100
187 240 100
187 228 100
243 216 100
243 254 100
213 211 100
13 166 100
13 160 100
72 73 100
199 190 96.2963
199 191 96.2963
276 238 100
149 141 96
149 142 96
149 38 96
262 221 100
40 63 100
167 16 100
296 294 100
296 18 100
296 19 100
82 162 100
82 168 100
258 257 100
258 290 100
258 289 100
258 291 100
66 92 100
271 226 100
144 194 100
144 190 96.2963
144 191 96.2963
137 95 100
136 137 100
136 95 100
289 291 100
32 64 100
34 30 100
34 60 100
161 167 100
161 16 100
30 60 100
287 284 100
294 18 100
294 19 100
37 296 100
37 294 100
37 18 100
37 19 100
28 29 100
28 2 100
285 287 100
285 284 100
288 286 100
31 70 100
302 301 100
305 135 100
48 107 96
71 117 100
94 302 100
94 301 100
61 81 100
41 43 100
295 163 96.4286
106 121 100
106 124 100
232 268 100
299 298 100
172 171 100
122 101 100
133 122 100
133 101 100
141 142 100
259 125 96
259 270 96
205 306 96
44 38 96
112 38 96
50 53 96
128 132 96
128 107 96
126 125 96
126 214 96
126 270 96
123 299 96
123 298 96
123 38 96
69 145 96.1538
69 44 96.1538
69 149 96.1538
52 69 100
52 145 96.1538
52 44 96.1538
52 149 96.1538
108 44 96.1538
108 259 96.1538
195 205 96.1538
195 188 96.1538
191 145 96.1538
191 259 96.1538
190 191 100
190 145 96.1538
190 259 96.1538
189 188 96.1538
102 17 96.1538
194 190 96.2963
194 191 96.2963
146 150 96.2963
146 52 96.2963
146 110 96.2963
146 69 96.2963
143 190 96.2963
143 191 96.2963
151 144 96.4286
151 194 96.4286
