206 207 0
179 175 1
209 175 3
209 179 2
212 54 2
54 278 1
54 174 1
54 181 1
174 181 0
212 174 2
174 278 2
212 181 2
181 278 2
212 278 3
173 176 0
173 180 0
173 182 0
173 256 1
173 280 1
173 186 2
173 234 2
173 249 2
173 255 2
173 279 2
176 180 0
176 182 0
176 256 1
176 280 1
176 186 2
176 234 2
176 249 2
176 255 2
176 279 2
180 182 0
180 256 1
180 280 1
180 186 2
180 234 2
180 249 2
180 255 2
180 279 2
182 256 1
182 280 1
182 186 2
182 234 2
182 249 2
182 255 2
182 279 2
186 234 0
249 186 1
255 186 1
256 186 1
186 279 0
280 186 1
249 234 1
255 234 1
256 234 1
234 279 0
280 234 1
249 255 1
249 256 1
249 279 1
249 280 1
255 256 1
255 279 1
255 280 1
256 279 1
256 280 0
280 279 1
184 185 3
184 237 3
184 241 3
184 252 3
184 277 3
184 233 4
185 233 1
185 237 0
185 241 0
185 252 0
185 277 0
237 233 1
241 233 1
252 233 1
277 233 1
237 241 0
237 252 0
237 277 0
241 252 0
241 277 0
252 277 0
250 235 1
235 236 1
235 242 1
235 247 1
235 251 2
235 253 1
236 242 0
247 236 1
250 236 2
236 251 2
236 253 0
247 242 1
250 242 2
242 251 2
242 253 0
250 247 1
247 251 1
247 253 1
250 251 2
250 253 2
251 253 2
219 216 1
221 216 1
216 243 0
216 246 1
216 254 0
262 216 1
219 221 1
219 243 1
219 246 2
219 254 1
219 262 1
221 262 0
221 243 1
221 246 2
221 254 1
243 246 1
243 254 0
262 243 1
254 246 1
262 246 2
262 254 1
72 26 2
73 26 2
26 77 0
187 26 1
210 26 2
26 222 0
26 223 0
228 26 1
238 26 2
240 26 1
26 244 0
26 245 0
248 26 1
269 26 1
272 26 1
276 26 2
26 178 3
26 183 3
26 263 2
26 266 2
26 267 1
72 73 0
72 263 2
72 77 2
72 187 2
72 210 2
72 222 2
72 223 2
72 228 2
72 238 2
72 240 2
72 244 2
72 245 2
72 248 2
72 269 2
72 272 2
72 276 2
72 178 3
72 183 3
72 266 3
72 267 3
73 263 2
73 77 2
73 187 2
73 210 2
73 222 2
73 223 2
73 228 2
73 238 2
73 240 2
73 244 2
73 245 2
73 248 2
73 269 2
73 272 2
73 276 2
73 178 3
73 183 3
73 266 3
73 267 3
187 77 1
210 77 2
77 222 0
77 223 0
228 77 1
238 77 2
240 77 1
77 244 0
77 245 0
248 77 1
269 77 1
272 77 1
276 77 2
77 178 3
77 183 3
77 263 2
77 266 2
77 267 1
178 183 0
238 178 1
178 266 1
276 178 1
178 187 2
178 210 2
178 228 2
178 240 2
178 248 2
178 263 2
178 267 2
178 269 2
178 272 2
178 222 3
178 223 3
178 244 3
178 245 3
238 183 1
183 266 1
276 183 1
183 187 2
183 210 2
183 228 2
183 240 2
183 248 2
183 263 2
183 267 2
183 269 2
183 272 2
183 222 3
183 223 3
183 244 3
183 245 3
210 187 1
187 228 0
238 187 1
187 240 0
187 248 0
187 263 1
187 266 1
187 267 1
187 269 0
187 272 0
276 187 1
187 222 1
187 223 1
187 244 1
187 245 1
210 228 1
210 238 1
210 240 1
210 248 1
210 263 2
210 266 2
210 267 2
210 269 1
210 272 1
210 276 1
210 222 2
210 223 2
210 244 2
210 245 2
222 223 0
228 222 1
238 222 2
240 222 1
222 244 0
222 245 0
248 222 1
269 222 1
272 222 1
276 222 2
222 263 2
222 266 2
222 267 1
228 223 1
238 223 2
240 223 1
223 244 0
223 245 0
248 223 1
269 223 1
272 223 1
276 223 2
223 263 2
223 266 2
223 267 1
238 228 1
228 240 0
228 248 0
228 263 1
228 266 1
228 267 1
228 269 0
228 272 0
276 228 1
228 244 1
228 245 1
238 266 1
238 276 0
238 240 1
238 248 1
238 263 2
238 267 2
238 269 1
238 272 1
238 244 2
238 245 2
240 248 0
240 263 1
240 266 1
240 267 1
240 269 0
240 272 0
276 240 1
240 244 1
240 245 1
244 245 0
248 244 1
269 244 1
272 244 1
276 244 2
244 263 2
244 266 2
244 267 1
248 245 1
269 245 1
272 245 1
276 245 2
245 263 2
245 266 2
245 267 1
248 263 1
248 266 1
248 267 1
248 269 0
248 272 0
276 248 1
263 266 1
263 267 1
263 269 1
263 272 1
263 276 2
276 266 1
266 267 1
266 269 1
266 272 1
269 267 1
272 267 1
276 267 2
269 272 0
276 269 1
276 272 1
198 1 1
1 12 1
1 55 1
1 57 1
1 58 2
1 74 3
1 75 3
1 76 1
1 78 1
1 84 2
1 153 3
1 211 2
1 213 2
1 224 1
1 225 1
1 227 1
1 231 1
1 239 1
1 273 2
1 274 1
1 264 2
1 130 2
12 55 1
12 57 1
58 12 1
74 12 3
75 12 3
12 76 0
12 78 1
12 84 2
153 12 2
198 12 1
211 12 1
213 12 1
12 224 1
12 225 1
12 227 1
12 231 1
12 239 1
273 12 2
12 274 1
12 264 2
12 130 3
55 57 0
74 55 2
75 55 2
55 78 0
55 84 1
55 58 2
55 76 1
55 153 3
55 198 2
55 211 2
55 213 2
55 224 1
55 225 1
55 227 1
55 231 1
55 239 1
55 273 2
55 274 1
55 264 2
55 130 2
74 57 2
75 57 2
57 78 0
57 84 1
57 58 2
57 76 1
57 153 3
57 198 2
57 211 2
57 213 2
57 224 1
57 225 1
57 227 1
57 231 1
57 239 1
57 273 2
57 274 1
57 264 2
57 130 2
58 74 3
58 75 3
58 76 1
58 78 2
58 84 3
58 153 2
58 198 1
58 211 1
58 213 1
58 224 2
58 225 2
58 227 2
58 231 2
58 239 2
58 273 2
58 274 2
58 264 3
58 130 4
74 75 0
74 78 2
74 84 3
74 76 3
74 153 3
74 198 3
74 211 3
74 213 3
74 224 3
74 225 3
74 227 3
74 231 3
74 239 3
74 273 3
74 274 3
74 130 4
74 264 4
75 78 2
75 84 3
75 76 3
75 153 3
75 198 3
75 211 3
75 213 3
75 224 3
75 225 3
75 227 3
75 231 3
75 239 3
75 273 3
75 274 3
75 130 4
75 264 4
76 78 1
76 84 2
153 76 2
198 76 1
211 76 1
213 76 1
76 224 1
76 225 1
76 227 1
76 231 1
76 239 1
273 76 2
76 274 1
76 264 2
76 130 3
78 84 1
78 153 3
78 198 2
78 211 2
78 213 2
78 224 1
78 225 1
78 227 1
78 231 1
78 239 1
78 273 2
78 274 1
78 264 2
78 130 2
84 153 4
84 198 3
84 211 3
84 213 3
84 224 1
84 225 1
84 227 1
84 231 2
84 239 2
84 273 3
84 274 2
84 130 1
84 264 3
130 198 3
130 224 2
130 225 2
130 227 2
130 231 3
130 239 3
130 264 3
130 274 3
130 211 4
130 213 4
130 273 4
153 211 1
153 213 1
153 231 2
153 239 2
153 264 3
153 273 2
153 274 2
153 198 2
153 224 3
153 225 3
153 227 3
198 211 1
198 213 1
198 224 2
198 225 2
198 227 2
198 231 2
198 239 2
198 273 2
198 274 2
198 264 3
211 213 0
211 231 1
211 239 1
211 264 2
211 273 1
211 274 1
211 224 2
211 225 2
211 227 2
213 231 1
213 239 1
213 264 2
213 273 1
213 274 1
213 224 2
213 225 2
213 227 2
224 225 0
224 227 0
231 224 1
239 224 1
273 224 2
274 224 1
224 264 2
225 227 0
231 225 1
239 225 1
273 225 2
274 225 1
225 264 2
231 227 1
239 227 1
273 227 2
274 227 1
227 264 2
231 239 0
231 264 1
273 231 1
231 274 0
239 264 1
273 239 1
239 274 0
273 264 1
264 274 1
273 274 1
3 2 1
27 2 1
2 28 0
2 29 0
2 116 1
2 13 1
2 15 2
2 21 1
2 22 1
2 23 1
2 35 1
2 56 1
2 59 1
2 65 2
2 79 1
2 83 2
2 93 2
2 135 2
2 160 1
2 166 1
2 169 2
2 170 2
2 229 1
2 230 2
2 265 2
2 275 2
2 282 1
2 283 2
2 304 2
2 305 2
2 159 4
3 27 0
3 159 3
3 28 1
3 29 1
3 116 2
3 13 2
3 15 2
3 21 2
3 22 2
3 23 2
3 35 2
3 56 2
3 59 2
3 65 2
3 79 2
3 83 2
3 93 2
3 135 3
3 160 2
3 166 2
3 169 3
3 170 3
3 229 2
3 230 2
3 265 2
3 275 2
3 282 2
3 283 3
3 304 3
3 305 3
15 13 1
13 21 1
13 22 1
13 23 1
27 13 2
13 28 1
13 29 1
13 35 1
13 56 1
13 59 1
65 13 2
13 79 1
83 13 2
93 13 2
13 135 1
13 160 0
13 166 0
13 169 1
13 170 1
13 229 1
230 13 2
265 13 2
275 13 2
13 282 1
13 283 1
13 304 2
13 305 1
13 116 2
13 159 4
15 35 1
15 56 1
15 59 1
15 65 1
15 79 1
15 83 1
15 93 1
15 116 2
15 170 1
15 21 2
15 22 2
15 23 2
15 27 2
15 28 2
15 29 2
15 135 2
15 160 1
15 166 1
15 169 2
15 229 2
15 230 2
15 265 2
15 275 2
15 282 2
15 283 2
15 304 3
15 305 2
15 159 4
21 22 0
23 21 1
27 21 2
28 21 1
29 21 1
35 21 1
56 21 1
59 21 1
65 21 2
79 21 1
83 21 2
93 21 2
21 135 2
160 21 1
166 21 1
21 169 2
21 170 2
229 21 1
230 21 2
265 21 2
275 21 2
282 21 1
21 283 1
21 304 1
21 305 2
21 116 2
23 22 1
27 22 2
28 22 1
29 22 1
35 22 1
56 22 1
59 22 1
65 22 2
79 22 1
83 22 2
93 22 2
22 135 2
160 22 1
166 22 1
22 169 2
22 170 2
229 22 1
230 22 2
265 22 2
275 22 2
282 22 1
22 283 1
22 304 1
22 305 2
22 116 2
65 23 1
83 23 1
93 23 1
23 229 0
230 23 1
265 23 1
275 23 1
23 282 0
23 27 2
23 28 1
23 29 1
23 35 1
23 56 1
23 59 1
23 79 1
23 135 2
23 160 1
23 166 1
23 169 2
23 170 2
23 283 2
23 304 2
23 305 2
23 116 2
27 159 3
27 28 1
27 29 1
27 116 2
27 35 2
27 56 2
27 59 2
27 65 2
27 79 2
27 83 2
27 93 2
27 135 3
27 160 2
27 166 2
27 169 3
27 170 3
27 229 2
27 230 2
27 265 2
27 275 2
27 282 2
27 283 3
27 304 3
27 305 3
28 29 0
28 116 1
28 35 1
28 56 1
28 59 1
28 65 2
28 79 1
28 83 2
28 93 2
28 135 2
28 160 1
28 166 1
28 169 2
28 170 2
28 229 1
28 230 2
28 265 2
28 275 2
28 282 1
28 283 2
28 304 2
28 305 2
28 159 4
29 116 1
29 35 1
29 56 1
29 59 1
29 65 2
29 79 1
29 83 2
29 93 2
29 135 2
29 160 1
29 166 1
29 169 2
29 170 2
29 229 1
29 230 2
29 265 2
29 275 2
29 282 1
29 283 2
29 304 2
29 305 2
29 159 4
35 56 0
35 59 0
65 35 1
35 79 0
83 35 1
93 35 1
35 116 1
35 170 1
35 135 2
35 160 1
35 166 1
35 169 2
35 229 1
35 230 2
35 265 2
35 275 2
35 282 1
35 283 2
35 304 2
35 305 2
56 59 0
65 56 1
56 79 0
83 56 1
93 56 1
56 116 1
56 170 1
56 135 2
56 160 1
56 166 1
56 169 2
56 229 1
56 230 2
56 265 2
56 275 2
56 282 1
56 283 2
56 304 2
56 305 2
65 59 1
59 79 0
83 59 1
93 59 1
59 116 1
59 170 1
59 135 2
59 160 1
59 166 1
59 169 2
59 229 1
59 230 2
59 265 2
59 275 2
59 282 1
59 283 2
59 304 2
59 305 2
65 83 0
65 93 0
65 229 1
65 230 1
65 265 1
65 275 1
65 282 1
65 79 1
65 116 2
65 170 2
65 135 3
65 160 2
65 166 2
65 169 3
65 283 3
65 304 3
65 305 3
83 79 1
93 79 1
79 116 1
79 170 1
79 135 2
79 160 1
79 166 1
79 169 2
79 229 1
79 230 2
79 265 2
79 275 2
79 282 1
79 283 2
79 304 2
79 305 2
83 93 0
83 229 1
83 230 1
83 265 1
83 275 1
83 282 1
83 116 2
83 170 2
83 135 3
83 160 2
83 166 2
83 169 3
83 283 3
83 304 3
83 305 3
93 229 1
93 230 1
93 265 1
93 275 1
93 282 1
93 116 2
93 170 2
93 135 3
93 160 2
93 166 2
93 169 3
93 283 3
93 304 3
93 305 3
116 160 2
116 166 2
116 229 2
116 230 3
116 265 3
116 275 3
116 282 2
116 170 2
116 135 3
116 169 3
116 283 3
116 304 3
116 305 3
160 135 1
166 135 1
169 135 1
170 135 1
135 229 2
230 135 3
265 135 3
275 135 3
135 282 2
135 283 1
135 304 2
135 305 0
159 135 3
159 160 4
159 166 4
159 169 4
159 170 4
159 283 4
159 305 3
160 166 0
160 169 1
160 170 1
160 229 1
230 160 2
265 160 2
275 160 2
160 282 1
160 283 1
160 304 2
160 305 1
166 169 1
166 170 1
166 229 1
230 166 2
265 166 2
275 166 2
166 282 1
166 283 1
166 304 2
166 305 1
169 170 1
169 229 2
169 230 3
169 265 3
169 275 3
169 282 2
169 283 1
169 304 2
169 305 1
170 229 2
170 230 3
170 265 3
170 275 3
170 282 2
170 283 1
170 304 2
170 305 1
230 229 1
265 229 1
275 229 1
229 282 0
229 283 2
229 304 2
229 305 2
230 265 0
230 275 0
230 282 1
230 283 3
230 304 3
230 305 3
265 275 0
265 282 1
265 283 3
265 304 3
265 305 3
275 282 1
275 283 3
275 304 3
275 305 3
282 283 2
282 304 2
282 305 2
283 304 1
283 305 1
305 304 2
4 14 1
4 30 1
4 33 2
4 34 1
4 60 1
4 7 3
4 18 2
4 19 2
4 32 2
4 37 2
4 64 2
4 66 2
4 67 3
4 82 2
4 92 2
4 95 3
4 103 4
4 118 3
4 136 3
4 137 3
4 139 3
4 162 2
4 168 2
4 204 3
4 217 2
4 226 2
4 257 3
4 258 3
4 261 3
4 271 2
4 284 2
4 285 2
4 287 2
4 289 3
4 290 3
4 291 3
4 294 2
4 296 2
4 300 3
7 217 1
7 66 2
7 67 2
7 92 2
7 139 1
7 14 2
7 18 2
7 19 2
7 30 3
7 32 3
7 33 3
7 34 3
7 37 2
7 60 3
7 64 3
7 82 2
7 95 3
7 103 3
7 118 3
7 136 3
7 137 3
7 162 2
7 168 2
7 204 2
7 226 3
7 257 3
7 258 3
7 261 4
7 271 3
7 284 3
7 285 3
7 287 3
7 289 3
7 290 3
7 291 3
7 294 2
7 296 2
7 300 3
14 30 1
33 14 2
14 34 1
14 60 1
14 18 1
14 19 1
14 32 2
14 37 1
14 64 2
14 66 2
14 67 3
14 82 1
14 92 2
14 95 2
14 103 3
14 118 2
14 136 2
14 137 2
14 139 2
14 162 1
14 168 1
14 204 2
14 217 2
14 226 2
14 257 2
14 258 2
14 261 3
14 271 2
14 284 1
14 285 1
14 287 1
14 289 2
14 290 2
14 291 2
14 294 1
14 296 1
14 300 2
18 19 0
30 18 2
32 18 2
33 18 3
34 18 2
18 37 0
60 18 2
64 18 2
66 18 2
67 18 3
82 18 1
92 18 2
18 95 2
18 103 3
18 118 1
18 136 2
18 137 2
139 18 2
162 18 1
168 18 1
204 18 2
217 18 2
18 226 1
18 257 1
18 258 1
18 261 2
18 271 1
18 284 1
18 285 1
18 287 1
18 289 1
18 290 1
18 291 1
18 294 0
18 296 0
18 300 1
30 19 2
32 19 2
33 19 3
34 19 2
19 37 0
60 19 2
64 19 2
66 19 2
67 19 3
82 19 1
92 19 2
19 95 2
19 103 3
19 118 1
19 136 2
19 137 2
139 19 2
162 19 1
168 19 1
204 19 2
217 19 2
19 226 1
19 257 1
19 258 1
19 261 2
19 271 1
19 284 1
19 285 1
19 287 1
19 289 1
19 290 1
19 291 1
19 294 0
19 296 0
19 300 1
33 30 1
30 34 0
30 60 0
30 32 1
30 64 1
30 66 1
30 67 2
30 82 1
30 92 1
30 162 1
30 168 1
30 204 2
30 95 2
30 103 3
30 136 2
30 137 2
30 37 2
30 118 3
30 139 3
30 217 2
30 226 2
30 257 3
30 258 3
30 261 3
30 271 2
30 284 2
30 285 2
30 287 2
30 289 3
30 290 3
30 291 3
30 294 2
30 296 2
30 300 3
33 32 1
32 64 0
67 32 1
32 34 1
32 60 1
32 66 1
32 82 1
32 92 1
32 162 1
32 168 1
32 204 2
32 95 2
32 103 3
32 136 2
32 137 2
32 37 2
32 118 3
32 139 3
32 217 2
32 226 2
32 257 3
32 258 3
32 261 3
32 271 2
32 284 3
32 285 3
32 287 3
32 289 3
32 290 3
32 291 3
32 294 2
32 296 2
32 300 3
33 64 1
33 67 1
33 34 1
33 60 1
33 66 2
33 82 2
33 92 2
33 162 2
33 168 2
33 204 2
33 95 3
33 103 3
33 136 3
33 137 3
33 37 3
33 118 4
33 139 3
33 217 3
33 226 3
33 257 4
33 258 4
33 261 4
33 271 3
33 284 3
33 285 3
33 287 3
33 289 4
33 290 4
33 291 4
33 294 3
33 296 3
33 300 4
34 60 0
34 64 1
34 66 1
34 67 2
34 82 1
34 92 1
34 162 1
34 168 1
34 204 2
34 95 2
34 103 3
34 136 2
34 137 2
34 37 2
34 118 3
34 139 3
34 217 2
34 226 2
34 257 3
34 258 3
34 261 3
34 271 2
34 284 2
34 285 2
34 287 2
34 289 3
34 290 3
34 291 3
34 294 2
34 296 2
34 300 3
60 37 2
64 37 2
66 37 2
67 37 3
82 37 1
92 37 2
37 95 2
37 103 3
37 118 1
37 136 2
37 137 2
139 37 2
162 37 1
168 37 1
204 37 2
217 37 2
37 226 1
37 257 1
37 258 1
37 261 2
37 271 1
37 284 1
37 285 1
37 287 1
37 289 1
37 290 1
37 291 1
37 294 0
37 296 0
37 300 1
60 64 1
60 66 1
60 67 2
60 82 1
60 92 1
60 162 1
60 168 1
60 204 2
60 95 2
60 103 3
60 136 2
60 137 2
60 118 3
60 139 3
60 217 2
60 226 2
60 257 3
60 258 3
60 261 3
60 271 2
60 284 2
60 285 2
60 287 2
60 289 3
60 290 3
60 291 3
60 294 2
60 296 2
60 300 3
67 64 1
64 66 1
64 82 1
64 92 1
64 162 1
64 168 1
64 204 2
64 95 2
64 103 3
64 136 2
64 137 2
64 118 3
64 139 3
64 217 2
64 226 2
64 257 3
64 258 3
64 261 3
64 271 2
64 284 3
64 285 3
64 287 3
64 289 3
64 290 3
64 291 3
64 294 2
64 296 2
64 300 3
67 66 1
66 92 0
66 139 2
66 217 1
66 82 1
66 162 1
66 168 1
66 204 2
66 95 2
66 103 3
66 136 2
66 137 2
66 118 3
66 226 2
66 257 3
66 258 3
66 261 3
66 271 2
66 284 3
66 285 3
66 287 3
66 289 3
66 290 3
66 291 3
66 294 2
66 296 2
66 300 3
67 92 1
67 139 2
67 217 2
67 82 2
67 162 2
67 168 2
67 204 2
67 95 3
67 103 3
67 136 3
67 137 3
67 118 4
67 226 3
67 257 4
67 258 4
67 261 4
67 271 3
67 284 4
67 285 4
67 287 4
67 289 4
67 290 4
67 291 4
67 294 3
67 296 3
67 300 4
82 92 1
82 162 0
82 168 0
82 204 1
82 95 1
82 103 2
82 136 1
82 137 1
82 118 2
82 139 2
82 217 2
82 226 2
82 257 2
82 258 2
82 261 3
82 271 2
82 284 2
82 285 2
82 287 2
82 289 2
82 290 2
82 291 2
82 294 1
82 296 1
82 300 2
92 139 2
92 217 1
92 162 1
92 168 1
92 204 2
92 95 2
92 103 3
92 136 2
92 137 2
92 118 3
92 226 2
92 257 3
92 258 3
92 261 3
92 271 2
92 284 3
92 285 3
92 287 3
92 289 3
92 290 3
92 291 3
92 294 2
92 296 2
92 300 3
103 95 1
95 136 0
95 137 0
162 95 1
168 95 1
204 95 1
95 118 2
95 139 2
95 217 3
95 226 3
95 257 2
95 258 2
95 261 3
95 271 3
95 284 2
95 285 2
95 287 2
95 289 2
95 290 2
95 291 2
95 294 2
95 296 2
95 300 1
103 136 1
103 137 1
103 162 2
103 168 2
103 204 1
103 118 3
103 139 2
103 217 4
103 226 4
103 257 3
103 258 3
103 261 4
103 271 4
103 284 3
103 285 3
103 287 3
103 289 3
103 290 3
103 291 3
103 294 3
103 296 3
103 300 2
136 118 2
137 118 2
139 118 3
162 118 2
168 118 2
204 118 3
217 118 3
118 226 1
118 257 0
118 258 0
118 261 1
118 271 1
284 118 1
285 118 1
287 118 1
118 289 0
118 290 0
118 291 0
294 118 1
296 118 1
118 300 1
136 137 0
162 136 1
168 136 1
204 136 1
136 139 2
136 217 3
136 226 3
136 257 2
136 258 2
136 261 3
136 271 3
136 284 2
136 285 2
136 287 2
136 289 2
136 290 2
136 291 2
136 294 2
136 296 2
136 300 1
162 137 1
168 137 1
204 137 1
137 139 2
137 217 3
137 226 3
137 257 2
137 258 2
137 261 3
137 271 3
137 284 2
137 285 2
137 287 2
137 289 2
137 290 2
137 291 2
137 294 2
137 296 2
137 300 1
139 217 2
139 162 2
139 168 2
139 204 1
139 226 3
139 257 3
139 258 3
139 261 4
139 271 3
139 284 3
139 285 3
139 287 3
139 289 3
139 290 3
139 291 3
139 294 2
139 296 2
139 300 2
162 168 0
162 204 1
162 217 2
162 226 2
162 257 2
162 258 2
162 261 3
162 271 2
162 284 2
162 285 2
162 287 2
162 289 2
162 290 2
162 291 2
162 294 1
162 296 1
162 300 2
168 204 1
168 217 2
168 226 2
168 257 2
168 258 2
168 261 3
168 271 2
168 284 2
168 285 2
168 287 2
168 289 2
168 290 2
168 291 2
168 294 1
168 296 1
168 300 2
204 217 3
204 226 3
204 257 3
204 258 3
204 261 4
204 271 3
204 284 3
204 285 3
204 287 3
204 289 3
204 290 3
204 291 3
204 294 2
204 296 2
204 300 2
217 226 2
217 257 3
217 258 3
217 261 3
217 271 2
217 284 3
217 285 3
217 287 3
217 289 3
217 290 3
217 291 3
217 294 2
217 296 2
217 300 3
226 257 1
226 258 1
226 261 1
226 271 0
226 284 2
226 285 2
226 287 2
226 289 1
226 290 1
226 291 1
294 226 1
296 226 1
226 300 2
257 258 0
257 261 1
257 271 1
284 257 1
285 257 1
287 257 1
257 289 0
257 290 0
257 291 0
294 257 1
296 257 1
257 300 1
258 261 1
258 271 1
284 258 1
285 258 1
287 258 1
258 289 0
258 290 0
258 291 0
294 258 1
296 258 1
258 300 1
271 261 1
284 261 2
285 261 2
287 261 2
289 261 1
290 261 1
291 261 1
294 261 2
296 261 2
300 261 2
271 284 2
271 285 2
271 287 2
271 289 1
271 290 1
271 291 1
294 271 1
296 271 1
271 300 2
284 285 0
284 287 0
284 289 1
284 290 1
284 291 1
284 294 1
284 296 1
284 300 1
285 287 0
285 289 1
285 290 1
285 291 1
285 294 1
285 296 1
285 300 1
287 289 1
287 290 1
287 291 1
287 294 1
287 296 1
287 300 1
289 290 0
289 291 0
294 289 1
296 289 1
289 300 1
290 291 0
294 290 1
296 290 1
290 300 1
294 291 1
296 291 1
291 300 1
294 296 0
294 300 1
296 300 1
5 6 3
5 8 3
5 11 2
5 20 2
5 24 2
5 31 2
5 36 2
5 70 2
5 80 2
5 16 3
5 40 3
5 63 3
5 71 3
5 94 4
5 96 4
5 117 3
5 119 4
5 120 3
5 129 3
5 138 3
5 161 3
5 167 3
5 218 3
5 286 3
5 288 3
5 292 4
5 301 4
5 302 4
5 88 4
5 140 4
5 154 4
5 155 4
5 156 4
8 6 2
11 6 2
6 20 2
6 24 3
6 31 3
36 6 2
6 70 3
6 80 3
6 16 3
6 40 4
6 63 4
6 71 4
6 88 4
6 117 4
6 140 2
6 154 3
6 155 3
6 156 3
6 161 3
6 167 3
6 218 4
6 286 3
6 288 3
6 120 3
6 129 4
6 138 2
6 94 3
6 96 3
6 105 3
6 119 4
6 292 4
6 301 3
6 302 3
8 71 2
8 117 2
8 154 1
8 155 1
8 156 1
8 218 2
8 11 1
8 24 2
8 16 2
8 88 3
8 140 2
8 161 2
8 167 2
8 20 2
8 31 3
8 36 2
8 70 3
8 80 3
8 40 4
8 63 4
8 286 3
8 288 3
8 120 3
8 129 4
8 138 3
8 94 4
8 96 4
8 105 4
8 119 4
8 292 4
8 301 4
8 302 4
11 24 1
11 16 1
11 71 2
11 88 3
11 117 2
11 140 2
11 154 2
11 155 2
11 156 2
11 161 1
11 167 1
11 218 2
11 20 1
11 31 2
11 36 1
11 70 2
11 80 2
11 40 3
11 63 3
11 94 3
11 96 3
11 119 3
11 120 2
11 129 3
11 138 2
11 286 2
11 288 2
11 292 3
11 301 3
11 302 3
11 105 4
16 24 1
71 16 2
88 16 3
117 16 2
140 16 2
154 16 2
155 16 2
156 16 2
16 161 0
16 167 0
16 218 1
16 20 1
16 31 3
16 36 2
16 40 2
16 63 2
16 70 3
16 80 2
16 94 2
16 96 2
16 119 2
16 120 2
16 129 3
16 138 3
16 286 1
16 288 1
16 292 2
16 301 2
16 302 2
16 105 4
20 24 1
31 20 2
36 20 1
70 20 2
20 80 1
20 40 2
20 63 2
20 71 3
20 94 2
20 96 2
20 117 3
20 119 2
20 120 1
20 129 2
20 138 2
20 161 1
20 167 1
20 218 2
20 286 1
20 288 1
20 292 2
20 301 2
20 302 2
20 88 4
20 140 3
20 154 3
20 155 3
20 156 3
20 105 4
24 71 2
24 88 3
24 117 2
24 140 3
24 154 3
24 155 3
24 156 3
24 161 1
24 167 1
24 218 1
24 31 2
24 36 2
24 70 2
24 80 1
24 40 2
24 63 2
24 94 3
24 96 3
24 119 3
24 120 2
24 129 2
24 138 3
24 286 2
24 288 2
24 292 3
24 301 3
24 302 3
31 70 0
31 88 2
31 105 3
31 36 1
31 80 1
31 120 2
31 129 2
31 138 2
31 40 2
31 63 2
31 71 2
31 117 2
31 140 3
31 154 3
31 155 3
31 156 3
31 94 3
31 96 3
31 119 3
31 301 3
31 302 3
31 161 3
31 167 3
31 218 3
31 286 3
31 288 3
31 292 4
36 70 1
36 80 1
36 120 1
36 129 2
36 138 1
36 40 2
36 63 2
36 71 2
36 88 3
36 117 2
36 140 2
36 154 2
36 155 2
36 156 2
36 94 2
36 96 2
36 105 3
36 119 2
36 301 2
36 302 2
36 161 2
36 167 2
36 218 3
36 286 2
36 288 2
36 292 3
40 63 0
70 40 2
71 40 2
80 40 1
88 40 3
117 40 2
140 40 3
154 40 3
155 40 3
156 40 3
40 94 2
40 96 2
40 105 4
40 119 1
40 120 2
40 129 1
40 138 3
40 301 2
40 302 2
40 161 2
40 167 2
40 218 2
40 286 1
40 288 1
40 292 2
70 63 2
71 63 2
80 63 1
88 63 3
117 63 2
140 63 3
154 63 3
155 63 3
156 63 3
63 94 2
63 96 2
63 105 4
63 119 1
63 120 2
63 129 1
63 138 3
63 301 2
63 302 2
63 161 2
63 167 2
63 218 2
63 286 1
63 288 1
63 292 2
70 88 2
70 105 3
70 80 1
70 120 2
70 129 2
70 138 2
70 71 2
70 117 2
70 140 3
70 154 3
70 155 3
70 156 3
70 94 3
70 96 3
70 119 3
70 301 3
70 302 3
70 161 3
70 167 3
70 218 3
70 286 3
70 288 3
70 292 4
71 117 0
154 71 1
155 71 1
156 71 1
71 218 1
88 71 2
140 71 2
71 161 2
71 167 2
71 80 2
71 94 3
71 96 3
71 105 4
71 119 3
71 120 3
71 129 3
71 138 3
71 301 3
71 302 3
71 286 3
71 288 3
71 292 4
80 120 1
80 129 1
80 138 2
80 88 3
80 117 2
80 140 3
80 154 3
80 155 3
80 156 3
80 94 2
80 96 2
80 105 4
80 119 2
80 301 2
80 302 2
80 161 2
80 167 2
80 218 2
80 286 2
80 288 2
80 292 3
88 105 3
88 117 2
88 140 2
88 154 2
88 155 2
88 156 2
88 161 3
88 167 3
88 218 3
88 94 4
88 96 4
88 119 4
88 120 4
88 129 4
88 138 4
88 301 4
88 302 4
88 286 4
88 288 4
94 96 0
105 94 2
117 94 3
94 119 1
120 94 1
94 129 2
138 94 1
140 94 2
154 94 3
155 94 3
156 94 3
94 301 0
94 302 0
94 161 2
94 167 2
94 218 3
94 286 2
94 288 2
94 292 2
105 96 2
117 96 3
96 119 1
120 96 1
96 129 2
138 96 1
140 96 2
154 96 3
155 96 3
156 96 3
96 301 0
96 302 0
96 161 2
96 167 2
96 218 3
96 286 2
96 288 2
96 292 2
105 117 4
105 119 3
105 120 3
105 129 4
105 138 2
105 140 2
105 154 3
105 155 3
105 156 3
105 301 2
105 302 2
105 161 4
105 167 4
105 286 4
105 288 4
105 292 4
154 117 1
155 117 1
156 117 1
117 218 1
140 117 2
117 161 2
117 167 2
117 119 3
117 120 3
117 129 3
117 138 3
117 301 3
117 302 3
117 286 3
117 288 3
117 292 4
120 119 1
119 129 1
138 119 2
140 119 3
154 119 3
155 119 3
156 119 3
119 301 1
119 302 1
119 161 2
119 167 2
119 218 3
119 286 1
119 288 1
119 292 1
120 129 1
120 138 1
120 140 3
120 154 3
120 155 3
120 156 3
120 301 1
120 302 1
120 161 2
120 167 2
120 218 3
120 286 2
120 288 2
120 292 2
138 129 2
129 140 4
129 154 4
129 155 4
129 156 4
129 301 2
129 302 2
129 161 3
129 167 3
129 218 3
129 286 2
129 288 2
129 292 2
138 140 2
138 154 3
138 155 3
138 156 3
138 301 1
138 302 1
138 161 3
138 167 3
138 218 4
138 286 3
138 288 3
138 292 3
154 140 1
155 140 1
156 140 1
140 161 2
140 167 2
140 218 3
140 301 2
140 302 2
140 286 3
140 288 3
140 292 4
154 155 0
154 156 0
154 218 2
154 161 2
154 167 2
154 301 3
154 302 3
154 286 3
154 288 3
154 292 4
155 156 0
155 218 2
155 161 2
155 167 2
155 301 3
155 302 3
155 286 3
155 288 3
155 292 4
156 218 2
156 161 2
156 167 2
156 301 3
156 302 3
156 286 3
156 288 3
156 292 4
161 167 0
161 218 1
161 286 1
161 288 1
161 292 2
161 301 2
161 302 2
167 218 1
167 286 1
167 288 1
167 292 2
167 301 2
167 302 2
218 286 2
218 288 2
218 292 3
218 301 3
218 302 3
286 288 0
286 292 1
286 301 2
286 302 2
288 292 1
288 301 2
288 302 2
301 292 2
302 292 2
301 302 0
9 61 1
9 81 1
9 220 2
9 47 2
9 85 3
9 86 3
9 232 3
9 268 3
9 281 2
9 297 2
9 45 2
9 41 4
9 43 4
9 98 3
9 260 3
9 106 3
9 121 3
9 124 3
9 97 4
9 104 4
9 131 4
9 134 4
41 43 0
45 41 2
47 41 2
61 41 3
81 41 3
85 41 1
86 41 2
98 41 2
41 97 3
41 104 3
41 106 2
41 121 2
41 124 2
41 131 1
41 134 2
41 220 3
41 232 1
41 260 1
41 268 1
41 281 2
41 297 3
45 43 2
47 43 2
61 43 3
81 43 3
85 43 1
86 43 2
98 43 2
43 97 3
43 104 3
43 106 2
43 121 2
43 124 2
43 131 1
43 134 2
43 220 3
43 232 1
43 260 1
43 268 1
43 281 2
43 297 3
45 47 1
45 106 1
45 121 1
45 124 1
45 61 2
45 81 2
45 85 2
45 86 2
45 98 1
45 97 2
45 104 2
45 131 2
45 134 2
45 220 3
45 232 3
45 260 2
45 268 3
45 281 2
45 297 2
47 106 2
47 121 2
47 124 2
47 61 2
47 81 2
47 85 1
47 86 1
47 220 2
47 232 2
47 268 2
47 281 2
47 297 2
47 98 2
47 97 3
47 104 3
47 131 3
47 134 3
47 260 3
61 81 0
61 220 2
61 85 2
61 86 2
61 232 3
61 268 3
61 281 2
61 297 2
61 98 2
61 97 3
61 104 3
61 106 3
61 121 3
61 124 3
61 131 3
61 134 3
61 260 3
81 220 2
81 85 2
81 86 2
81 232 3
81 268 3
81 281 2
81 297 2
81 98 2
81 97 3
81 104 3
81 106 3
81 121 3
81 124 3
81 131 3
81 134 3
81 260 3
86 85 1
85 220 2
85 232 1
85 268 1
85 281 1
85 297 2
85 98 2
85 97 3
85 104 3
85 106 2
85 121 2
85 124 2
85 131 2
85 134 2
85 260 2
86 97 2
86 134 2
86 220 2
86 232 2
86 268 2
86 281 2
86 297 2
86 98 2
86 104 3
86 106 3
86 121 3
86 124 3
86 131 3
86 260 3
97 134 1
97 98 1
97 104 1
97 106 2
97 121 2
97 124 2
97 131 2
97 220 4
97 232 4
97 260 3
97 268 4
97 281 3
97 297 2
98 104 1
98 106 2
98 121 2
98 124 2
98 131 2
98 134 2
98 220 3
98 232 3
98 260 2
98 268 3
98 281 2
98 297 1
104 106 2
104 121 2
104 124 2
104 131 2
104 134 2
104 220 4
104 232 4
104 260 3
104 268 4
104 281 3
104 297 2
106 121 0
106 124 0
106 131 1
106 134 1
106 220 4
106 232 3
106 260 2
106 268 3
106 281 2
106 297 3
121 124 0
121 131 1
121 134 1
121 220 4
121 232 3
121 260 2
121 268 3
121 281 2
121 297 3
124 131 1
124 134 1
124 220 4
124 232 3
124 260 2
124 268 3
124 281 2
124 297 3
134 131 1
131 220 4
131 232 2
131 260 1
131 268 2
131 281 2
131 297 3
134 220 4
134 232 3
134 260 2
134 268 3
134 281 2
134 297 3
220 232 2
220 268 2
220 281 2
220 297 2
220 260 3
232 268 0
281 232 1
297 232 2
232 260 1
260 268 1
281 260 1
297 260 2
281 268 1
297 268 2
281 297 1
25 42 1
25 53 2
25 62 1
25 89 2
25 141 1
25 142 1
25 38 2
25 125 3
25 270 3
25 298 2
25 299 2
25 39 4
25 107 3
25 214 4
25 101 4
25 122 4
25 132 4
25 133 4
25 306 4
53 38 2
89 38 2
141 38 1
142 38 1
38 298 1
38 299 1
38 42 2
38 62 2
38 125 2
38 270 2
38 39 3
38 107 1
38 101 2
38 122 2
38 132 2
38 133 2
38 171 4
38 172 4
38 214 3
38 306 3
39 53 2
39 101 3
39 107 2
39 122 3
39 132 3
39 133 3
39 89 4
39 141 3
39 142 3
39 298 3
39 299 3
39 62 3
39 42 4
39 125 4
39 214 4
39 270 4
53 42 2
62 42 1
89 42 1
141 42 1
142 42 1
42 125 3
42 270 3
42 298 2
42 299 2
42 107 3
42 214 4
42 101 4
42 122 4
42 132 4
42 133 4
42 306 4
53 101 3
53 107 2
53 122 3
53 132 3
53 133 3
53 62 1
53 89 2
53 141 1
53 142 1
53 298 2
53 299 2
53 125 3
53 270 3
53 214 4
62 89 2
62 141 1
62 142 1
62 125 3
62 270 3
62 298 2
62 299 2
62 107 2
62 214 4
62 101 3
62 122 3
62 132 3
62 133 3
62 306 4
89 141 1
89 142 1
89 298 2
89 299 2
89 125 4
89 270 4
89 107 3
89 101 4
89 122 4
89 132 4
89 133 4
107 101 1
101 122 0
101 132 1
101 133 0
101 141 3
101 142 3
101 298 2
101 299 2
101 125 4
101 171 4
101 172 4
101 214 4
101 270 4
101 306 2
107 122 1
107 132 1
107 133 1
107 141 2
107 142 2
107 298 2
107 299 2
107 125 3
107 171 4
107 172 4
107 214 3
107 270 3
107 306 3
122 132 1
122 133 0
122 141 3
122 142 3
122 298 2
122 299 2
122 125 4
122 171 4
122 172 4
122 214 4
122 270 4
122 306 2
141 125 3
142 125 3
125 270 0
298 125 3
299 125 3
125 132 3
125 133 4
125 171 2
125 172 2
125 214 1
125 306 2
132 133 1
132 141 3
132 142 3
132 298 3
132 299 3
132 171 3
132 172 3
132 214 3
132 270 3
132 306 2
133 141 3
133 142 3
133 298 2
133 299 2
133 171 4
133 172 4
133 214 4
133 270 4
133 306 2
141 142 0
141 298 1
141 299 1
141 270 3
141 214 4
141 306 4
142 298 1
142 299 1
142 270 3
142 214 4
142 306 4
171 172 0
214 171 1
270 171 2
306 171 2
214 172 1
270 172 2
306 172 2
270 214 1
214 306 2
298 214 4
299 214 4
298 270 3
299 270 3
270 306 2
298 299 0
298 306 3
299 306 3
10 50 3
10 145 3
10 149 3
10 17 3
10 44 4
10 112 4
10 123 4
10 259 4
10 48 4
10 113 4
10 128 4
17 50 2
17 44 2
17 112 2
17 123 1
17 126 3
17 145 2
17 149 2
17 259 2
17 48 2
17 113 1
17 128 2
17 188 3
17 205 2
17 99 3
50 44 2
112 44 1
44 123 1
149 44 1
44 126 2
44 145 1
44 259 1
44 48 2
44 113 2
44 128 1
44 99 2
44 188 2
44 205 2
48 50 2
48 113 1
48 128 1
48 188 2
48 112 2
48 123 2
48 149 2
48 99 3
48 126 4
48 145 3
48 205 3
48 259 3
50 113 2
50 128 2
50 145 2
50 149 1
50 112 2
50 123 2
50 126 3
50 259 3
50 99 4
50 188 4
50 205 4
112 99 3
113 99 2
123 99 2
128 99 2
149 99 3
99 126 4
99 145 3
99 188 3
99 205 2
99 259 3
112 123 1
112 149 1
112 126 3
112 145 2
112 259 2
112 113 2
112 128 2
112 188 3
112 205 3
113 128 1
113 123 1
113 149 2
113 126 4
113 145 3
113 188 3
113 205 2
113 259 3
149 123 1
123 126 3
123 145 2
123 259 2
123 128 2
123 188 3
123 205 2
145 126 2
149 126 3
259 126 1
126 128 3
126 188 2
126 205 2
128 149 2
128 145 2
128 188 2
128 205 2
128 259 2
149 145 1
145 259 1
145 188 2
145 205 2
149 259 2
149 188 3
149 205 3
188 205 1
188 259 1
259 205 1
52 69 0
52 87 1
52 150 0
52 190 1
52 191 1
52 108 1
52 110 1
52 102 3
52 189 2
52 100 3
52 195 3
69 87 1
69 150 0
69 190 1
69 191 1
69 108 1
69 110 1
69 102 3
69 189 2
69 100 3
69 195 3
150 87 1
87 190 1
87 191 1
87 108 1
110 87 2
87 102 4
87 189 2
87 100 3
87 195 3
108 100 2
110 100 3
150 100 3
189 100 2
100 190 3
100 191 3
100 195 2
100 102 3
110 102 2
102 108 3
102 150 3
102 190 3
102 191 3
102 189 4
102 195 3
110 108 1
150 108 1
108 190 1
108 191 1
108 189 1
108 195 2
110 150 1
110 190 2
110 191 2
110 189 2
110 195 3
150 190 1
150 191 1
150 189 2
150 195 3
189 195 1
189 190 2
189 191 2
190 191 0
190 195 2
191 195 2
49 46 2
46 127 1
146 46 2
46 68 4
46 199 2
46 144 2
46 163 2
46 192 2
46 194 2
46 196 2
46 143 3
46 91 4
51 49 3
49 127 2
49 146 0
49 68 2
49 91 2
49 143 2
49 144 2
49 157 3
49 194 2
49 199 1
49 192 3
49 196 3
49 163 4
51 127 4
51 146 3
51 68 2
51 143 4
51 157 4
51 199 4
68 91 3
68 143 2
68 144 3
146 68 2
157 68 4
68 194 3
68 199 3
68 127 3
68 192 4
68 196 4
91 143 2
91 144 2
91 146 2
91 157 3
91 194 2
91 199 2
91 127 4
91 192 3
91 196 2
91 163 4
146 127 2
127 199 2
127 143 3
127 144 2
127 192 2
127 194 2
127 196 2
127 163 3
143 144 1
146 143 2
157 143 4
143 194 1
199 143 1
143 192 2
143 196 2
143 163 3
146 144 2
157 144 4
144 194 0
199 144 1
144 192 1
144 196 1
144 163 2
146 157 3
146 194 2
146 199 1
146 192 3
146 196 3
146 163 4
157 194 4
157 199 4
157 196 4
192 163 2
194 163 2
196 163 2
199 163 3
192 194 1
192 196 1
192 199 2
199 194 1
194 196 1
199 196 2
151 109 1
152 109 1
109 148 4
109 193 3
109 197 2
109 203 2
109 215 2
109 165 1
109 293 2
109 295 2
151 148 3
152 148 3
193 148 2
148 215 4
303 148 3
197 148 4
148 203 3
151 152 0
151 193 2
151 215 2
151 197 2
151 203 2
151 165 2
151 293 3
151 295 3
152 193 2
152 215 2
152 197 2
152 203 2
152 165 2
152 293 3
152 295 3
165 215 2
165 293 1
165 295 1
165 197 3
165 203 3
165 193 4
197 193 2
303 193 4
193 215 3
193 203 2
193 293 4
193 295 4
197 203 1
197 215 3
197 293 3
197 295 3
203 215 3
203 293 3
203 295 3
215 293 2
215 295 2
293 295 0
111 147 2
111 201 2
111 164 3
111 114 3
114 164 4
114 201 3
147 201 3
147 164 4
201 164 2
90 202 2
