1024 1409 0
212 3900 1
2049 2358 1
2049 2404 1
2358 2404 1
3784 3794 0
148 1984 1
2412 3023 1
3721 2751 1
2377 3165 1
2608 2877 1
2608 3901 1
75 1655 1
3728 1959 1
2471 3456 1
3339 197 1
1649 236 1
3588 1484 1
1813 2285 1
3491 3521 0
377 2722 1
1781 3479 1
1311 1755 1
1497 2269 0
1928 3755 0
2072 3098 1
776 3790 0
1477 3291 1
3017 1997 1
3209 2179 1
517 959 1
1937 2514 1
2222 2838 1
1176 3674 1
1140 3169 1
2465 3092 1
1876 2173 1
204 2866 1
694 3897 1
946 2176 0
1250 3892 1
3604 1475 1
1803 3747 1
249 1741 1
2745 97 1
1467 2365 1
2304 3830 0
2744 1938 1
2302 1428 1
2007 3353 1
3432 1324 1
3533 3252 1
1356 3804 1
516 3902 1
539 3264 0
2697 1914 1
