2009 1494 2
2287 2135 2
1600 2977 2
3118 2451 2
2612 2069 2
212 3900 1
1452 1982 2
2049 2358 1
2049 2404 1
2358 2404 1
3784 3794 0
228 2754 2
228 3200 2
2743 3976 2
3201 3661 2
3631 3087 2
1992 3751 2
2056 2831 2
128 451 2
148 1750 2
148 1984 1
1261 2856 2
1583 2996 2
3207 2080 2
172 2751 2
593 3251 2
685 837 2
2412 3023 1
488 3612 2
3636 3616 2
3721 2751 1
2961 177 2
655 3542 2
2377 985 2
1108 1880 2
3517 2214 2
2377 3165 1
2608 2877 1
2608 3901 1
2877 3901 2
75 1655 1
2711 75 2
1625 300 2
3728 1959 1
2471 3456 1
2471 1137 2
2644 2772 2
3339 197 1
3456 3728 2
1649 236 1
1973 3305 2
2022 726 2
2420 2966 2
858 370 2
701 1511 2
3588 1484 1
1813 2285 1
3491 3521 0
3565 3788 2
2624 3692 2
500 623 2
377 2722 1
402 2124 2
1781 3479 1
253 846 2
1288 102 2
3249 1288 2
854 3926 2
1311 1755 1
2534 2793 2
1719 3758 2
1354 1314 2
1497 2269 0
1928 3755 0
1954 3656 2
2072 3098 1
2103 434 2
3213 2920 2
2920 3419 2
776 3790 0
3249 102 2
102 788 2
133 3061 2
520 1567 2
1477 3291 1
611 716 2
456 2018 2
571 3766 2
2987 1689 2
3017 1997 1
3209 2179 1
2179 3606 2
1064 2180 2
517 959 1
1181 3364 2
1638 1937 2
1937 2514 1
2222 2838 1
2052 496 2
1176 3674 1
1348 2217 2
1887 3674 2
1887 3743 2
3674 3743 2
69 429 2
306 429 2
1140 3169 1
2465 3092 1
946 3169 2
2176 3169 2
1876 2173 1
2893 1716 2
204 2866 1
464 2866 2
3847 3070 2
168 2650 2
585 1803 2
694 3897 1
781 2241 2
783 946 2
783 2176 2
1230 783 2
946 2176 0
1250 3892 1
3604 1475 1
1803 3747 1
249 1741 1
2027 2692 2
2692 287 2
874 2128 2
1444 1633 2
2745 97 1
1195 3274 2
333 1200 2
2651 852 2
3909 138 2
1467 2365 1
413 2244 2
413 3688 2
142 738 2
2304 3830 0
2744 1938 1
2302 1428 1
2349 2923 2
2007 3353 1
2682 1739 2
1186 3272 2
263 1542 2
3332 1133 2
1660 2685 2
3432 1324 1
3159 3170 2
81 1854 2
3925 1415 2
1454 3925 2
3533 3252 1
2835 3632 2
1833 3594 2
3762 3310 2
2040 1717 2
1356 3804 1
1382 2289 2
949 1048 2
3526 1048 2
971 162 2
261 1088 2
2255 3940 2
998 3557 2
516 3902 1
2858 2054 2
539 3264 0
575 3336 2
1559 3929 2
2697 1914 1
336 2174 2
3576 1126 2
775 1443 2
2309 1443 2
762 1242 2
3810 762 2
1024 1409 0
