228 2339 3
228 2754 2
228 3200 2
1966 3631 3
1966 3024 3
3452 3200 3
3201 3661 2
343 3661 3
3631 3087 2
3886 3384 3
128 451 2
1518 3816 3
1568 3429 3
1568 3426 3
2720 3816 3
2497 3816 3
2605 2924 3
3000 3577 3
1820 3691 3
148 1750 2
558 3000 3
1261 2856 2
1326 1745 3
1402 1096 3
1429 2546 3
1583 2996 2
1725 2215 3
1405 1745 3
1750 1984 3
1785 1405 3
3713 2286 3
2295 3426 3
2398 2214 3
172 3721 3
172 2751 2
593 3251 2
685 837 2
2412 3023 1
3721 2751 1
2961 177 2
432 438 3
655 3542 2
2377 985 2
3165 985 3
985 2283 3
985 1464 3
147 985 3
1108 1880 2
1108 3173 3
2214 444 3
2653 2214 3
3517 2214 2
165 2214 3
1464 2283 3
2377 3165 1
147 2377 3
2512 251 3
2608 2877 1
2608 3901 1
2877 3901 2
26 3742 3
3828 2842 3
75 1655 1
2711 75 2
890 3848 3
1625 300 2
2711 1655 3
275 1697 3
275 2644 3
3035 1647 3
1647 3038 3
2644 1697 3
2653 1697 3
3456 1959 3
3728 1959 1
2471 3456 1
2471 3728 3
2471 1137 2
2644 2653 3
2644 2772 2
2644 3488 3
2653 2772 3
2747 1762 3
3035 3038 3
3692 3230 3
3339 197 1
3456 3728 2
3456 1137 3
1649 236 1
832 973 3
1973 3305 2
1973 1440 3
2395 3622 3
2715 1837 3
2022 726 2
3305 1440 3
2227 1440 3
2420 2966 2
904 2420 3
3627 2971 3
171 2084 3
858 370 2
701 1511 2
701 3565 3
1221 3422 3
3588 1484 1
1511 3565 3
264 1511 3
1813 2285 1
3991 1843 3
2193 2928 3
2193 1260 3
2928 1163 3
2928 1852 3
3305 1260 3
3491 3521 0
3565 3788 2
2624 3692 2
500 623 2
1431 1636 3
37 594 3
1522 2017 3
377 2722 1
402 2124 2
1781 3479 1
1815 1163 3
1815 1852 3
253 846 2
253 882 3
253 2495 3
2495 846 3
1090 3782 3
1288 102 2
3249 1288 2
854 3926 2
1311 1755 1
1529 2793 3
1529 2345 3
2534 2793 2
3758 3837 3
1719 3758 2
107 1579 3
1354 1314 2
1497 2269 0
1928 3755 0
1954 3656 2
2072 3098 1
2103 434 2
3172 3248 3
3213 3419 3
3213 2920 2
2920 3419 2
3977 528 3
776 3790 0
3249 102 2
102 788 2
133 3061 2
339 2146 3
520 1567 2
2318 3752 3
2495 891 3
1477 3291 1
1719 3837 3
611 716 2
456 2018 2
571 3766 2
1136 3680 3
2987 1689 2
1719 1181 3
3017 1997 1
3209 2179 1
2179 3606 2
3209 3606 3
1064 2180 2
1124 492 3
1190 2804 3
349 3569 3
322 3017 3
517 959 1
1181 3364 2
1638 1937 2
1638 2514 3
1937 2514 1
1877 3821 3
1877 1015 3
2222 2838 1
3821 1927 3
1469 293 3
2052 496 2
1176 1887 3
1176 3674 1
1176 3743 3
1348 2217 2
1887 3674 2
1887 3743 2
3674 3743 2
853 420 3
3655 2438 3
69 429 2
1469 69 3
306 429 2
1469 429 3
1120 3525 3
1140 3169 1
946 1140 3
2176 1140 3
2465 3092 1
783 3169 3
946 3169 2
2176 3169 2
1015 1927 3
3871 773 3
1876 2173 1
2893 1716 2
204 464 3
204 2866 1
464 2866 2
3847 3070 2
168 2650 2
331 3224 3
585 1803 2
585 3747 3
1728 694 3
694 3897 1
781 2241 2
783 946 2
783 2176 2
1230 783 2
783 1180 3
946 2176 0
1230 946 3
1250 3892 1
3604 1475 1
1803 3747 1
1230 2176 3
249 1741 1
2110 1799 3
2027 2692 2
2692 287 2
3993 3930 3
1236 3224 3
1664 3669 3
874 2128 2
1444 1633 2
2745 97 1
1195 3274 2
333 1200 2
2651 852 2
138 736 3
3909 138 2
3909 736 3
2114 2450 3
1343 3105 3
1467 2365 1
413 2244 2
413 3688 2
2007 1345 3
3353 1345 3
3570 1536 3
142 738 2
2304 3830 0
880 3618 3
2744 1938 1
2302 1428 1
1428 3876 3
2349 2923 2
2007 3353 1
2682 1739 2
1186 3272 2
514 1170 3
263 1542 2
3332 1133 2
2908 1297 3
1687 2199 3
1660 2685 2
3432 1324 1
3159 3170 2
2988 750 3
81 1854 2
3925 1415 2
1454 3925 2
3170 82 3
3533 3252 1
1349 1587 3
2835 3632 2
1833 3594 2
3762 3310 2
2040 1717 2
1356 3804 1
1382 2289 2
949 1048 2
3526 1048 2
471 2802 3
949 3526 3
3526 1710 3
971 162 2
3862 839 3
312 3157 3
261 1088 2
1674 384 3
2255 3940 2
998 3557 2
1653 3663 3
516 3902 1
2858 2054 2
539 3264 0
575 3336 2
2297 414 3
789 2556 3
1559 3929 2
2697 1914 1
336 2174 2
2929 1371 3
3576 1126 2
752 3807 3
752 2236 3
646 174 3
674 646 3
775 1443 2
2261 1182 3
2309 1443 2
3120 1194 3
3872 1756 3
3921 2206 3
1398 1494 3
620 1494 3
2009 1494 2
3462 862 3
620 2009 3
2257 620 3
1563 2257 3
2287 2135 2
88 1724 3
862 2042 3
1029 862 3
997 2042 3
1029 997 3
454 2042 3
1600 2977 2
762 1242 2
3810 762 2
1024 1409 0
3118 2451 2
1353 1678 3
2612 2069 2
2106 2833 3
554 3551 3
212 3900 1
1452 1982 2
2049 2358 1
2049 2404 1
2358 2404 1
3784 3794 0
2183 3769 3
2743 461 3
3976 461 3
554 314 3
887 1540 3
887 1623 3
2743 3976 2
3439 279 3
1992 3751 2
2056 2831 2
180 2258 3
1576 180 3
1623 1540 3
148 1984 1
3207 2080 2
2728 685 3
721 3583 3
488 3612 2
3636 3616 2
3294 2120 3
