1426 1726 97.1154
2224 2399 97.2644
2399 665 97.1609
2522 1126 97.7778
2522 3576 97.1246
548 1126 97.1246
548 3576 97.1061
2883 3418 97.7049
1126 3576 99.3548
1310 435 97.1831
1310 3739 97.1631
1652 3879 98.0989
3813 2174 97.5806
3813 336 97.5806
2174 336 100
3115 3518 97.9592
2697 1914 97.5
2532 2457 97.4359
3928 1257 99.5781
2457 3072 98.6784
3019 1670 98.2301
3019 1280 99.115
2437 2294 98.1982
1670 1280 99.1071
2001 3383 97.6959
485 352 98.6175
905 2769 99.0741
1721 2153 97.6303
3383 963 97.1698
3090 2213 97.4874
3090 3731 97.4874
3536 918 97.9592
1132 3719 97.4359
614 2678 97.3822
2213 3731 100
2213 3515 98.9583
2556 414 98.9583
2556 224 98.9583
2556 789 97.9167
2556 2297 98.9583
3731 3515 98.9583
1994 3783 97.3822
3180 2797 99.4764
789 2297 98.9474
3554 1246 98.3957
575 3336 100
575 986 97.2973
3336 986 97.2973
3564 1609 98.3607
3564 3687 98.3425
3564 547 97.2067
1609 3687 97.7778
3795 2812 97.7528
2291 437 98.324
2291 1091 97.1429
1987 3085 97.2067
95 231 97.7011
95 2054 97.1098
95 2157 97.1098
281 437 97.7528
547 539 97.6471
547 3264 97.6471
547 1823 97.0414
2555 1091 97.6744
2594 3136 97.0414
1788 2413 98.8235
628 2054 97.6471
628 2858 97.619
1840 2054 97.0414
231 409 97.6471
231 2157 98.2249
231 2894 97.5904
692 2316 97.6471
2054 2858 98.7952
2157 1128 97.561
2197 2906 100
539 3264 100
539 1130 97.561
539 99 98.1595
3264 1130 97.561
3264 99 98.1595
3289 2798 97.5309
1823 99 98.7654
2729 2073 97.561
1203 797 97.5
2894 1128 98.1366
2894 1411 97.5
1130 3281 97.4684
603 2035 97.4359
603 889 97.4026
3856 3619 97.4026
3460 2551 98.0892
619 2255 99.3631
619 3940 98.0645
2798 2581 97.4026
1411 1930 98.0645
797 1173 97.3684
2255 3940 98.7013
2255 3924 97.3684
1278 3045 98.0645
482 2819 99.3548
1674 3695 97.4026
1674 384 97.3684
2035 3940 98.0392
2035 3924 98.0132
2334 2709 98.7013
2334 261 97.3684
2334 1088 97.3684
2334 1710 97.3333
2709 1340 97.3684
2709 261 98.6842
2709 1088 98.6842
2709 780 97.3333
2709 1710 97.3333
2819 2581 97.3684
2819 533 97.3333
998 3789 98.7013
998 3557 100
998 1340 97.3684
998 261 97.3684
998 1088 97.3684
998 1173 98.0132
998 780 97.3333
690 3903 97.8261
690 1424 97.8261
690 1562 97.8261
690 2233 100
690 2936 97.7778
2908 545 97.479
2908 3874 97.4359
3903 1562 100
3903 2233 97.8261
3903 2474 97.8261
3903 2217 98.9011
3903 1348 98.9011
3903 3916 98.9011
2794 2435 99.0476
2794 1038 99.0476
2794 3528 98.0769
2794 3652 98.0769
2794 821 98.0769
2794 1664 97.0874
2794 131 97.0874
3615 3673 97.7778
2506 194 97.6744
1315 3389 97.8261
1315 2956 98.9011
1315 1638 97.7778
1315 1937 97.7778
1315 2936 97.7778
69 1432 100
69 429 100
69 1479 98.9011
69 1602 98.9011
69 455 97.7778
69 3233 97.7778
1178 1870 97.8723
1178 3827 97.8723
1178 2077 97.8723
1178 3655 97.8261
2233 2936 97.7778
15 355 97.0149
952 3766 98.9011
952 455 97.7778
952 3233 97.7778
3549 31 97.7778
1015 3821 97.7778
3233 571 98.8506
3233 798 97.6744
195 1638 97.7778
195 1937 97.7778
195 3076 97.7778
1239 322 97.7778
2348 1034 97.8261
3457 1924 98.2456
429 1479 98.9011
429 1602 98.9011
429 455 97.7778
429 3233 97.7778
128 451 100
128 3751 98.2456
128 1992 98.2456
2222 2838 98.8764
4 2378 97.561
3331 2943 100
1402 3577 98.3607
3590 3655 97.7778
3590 2070 98.8764
3590 463 97.7273
3590 3257 97.7273
3590 3276 97.7273
263 925 97.5207
263 1542 98.3333
263 345 98.3333
433 1309 97.7778
1542 2565 97.4359
1542 2539 97.3913
3760 2813 100
1527 2956 97.7778
1527 1638 98.8764
1527 1937 98.8764
1527 680 97.7273
1527 1354 97.7273
1348 3916 100
1348 1190 97.7273
3652 821 98.0392
3652 1664 97.0297
3652 131 99.0099
3652 2238 98
535 1383 97.561
535 3381 97.561
535 3881 98.7654
535 1935 98.7654
1491 1932 98.8764
3655 1181 98.8764
3655 3364 98.8764
3655 2514 98.8764
3655 1719 97.7273
328 3108 99.0099
328 2855 97.0297
328 2319 99.0099
328 2423 98
328 1307 98
2987 1689 97.7273
2274 1504 97.7273
3522 489 99.0826
3522 2145 97.1963
1165 2956 97.8261
56 3296 99.0991
56 622 97.2477
3656 712 97.5
3656 2357 97.5
455 3233 100
455 571 98.8506
455 798 97.6744
3782 3788 97.4359
1638 1937 100
1638 2936 97.7273
1638 3076 97.7273
1638 680 98.8506
1638 1354 98.8506
1638 3562 97.6744
1638 3752 97.6744
1602 3766 97.7778
1602 455 98.8764
1602 3233 98.8764
1602 571 97.7273
493 3590 97.8261
493 1526 97.8261
3766 455 98.8764
3766 3233 98.8764
3766 571 97.7273
439 184 100
439 1048 97.8723
520 1826 97.6744
520 1567 97.6744
3847 156 98.9474
1439 1291 97.6744
2548 2640 97.619
2548 12 97.619
2548 3837 100
2548 2494 97.619
2548 2492 97.619
2548 102 97.619
2548 3249 97.619
2548 3758 98.7952
2548 3098 98.7952
2548 2634 98.7952
2548 3598 97.561
2548 995 97.561
2548 1288 97.561
2548 3329 97.561
2548 3181 97.561
3364 2514 100
3364 788 97.7273
3364 1719 98.8506
3364 1422 97.6744
3364 443 97.6744
3364 2548 97.6744
3364 2640 97.6744
3364 3837 97.6744
3364 2494 97.6744
2336 1019 97.0588
2336 2277 97.0588
796 3920 98.8506
796 1074 97.6744
49 3613 97.7273
49 3017 97.7273
49 1997 98.8506
49 1136 98.8506
1158 3198 97.5
3314 3649 97.6744
1096 3000 98.4127
2205 3596 97.1429
2518 2182 97.7273
2518 3649 97.6744
300 1625 97.1429
716 1838 97.7273
716 611 97.6744
2934 1378 99.0291
2934 3205 97.0874
2934 2325 98.0392
2934 859 97.0297
2934 1728 97.0297
364 338 97.6744
3482 2070 97.7273
3482 716 97.7273
3482 463 98.8506
3482 3257 98.8506
3482 2492 97.6744
2400 499 98.8506
2400 1346 98.8506
2400 663 98.8506
2400 1060 97.6744
2400 4 97.6744
2936 680 98.8506
2936 3562 97.6744
2936 3752 97.6744
1997 1136 100
1997 245 97.619
1997 1335 97.619
1419 1310 97.2414
1419 3739 97.2028
3776 1481 97.3684
449 1259 97.3913
449 538 98.2456
449 3004 98.2456
449 652 97.3451
2534 2793 97.619
3643 1573 97.4359
3083 3910 97.619
1116 1226 97.619
2848 2486 97.2222
1739 3831 100
463 3257 100
463 3276 97.6744
463 2492 98.8235
463 3417 97.619
463 3098 97.619
1354 1274 97.6744
1354 2311 97.619
1354 1314 97.619
1354 535 97.619
245 1335 97.561
245 3595 97.5
1274 3342 98.8235
1274 2311 97.619
1274 1314 97.619
1274 535 97.619
3492 2355 98.1818
3492 489 97.2477
1976 3132 97.5
1976 3491 97.4359
1976 3521 97.4359
1976 3374 97.4359
1976 3305 97.4359
2345 3578 100
2345 434 98.8235
2345 1076 97.619
2345 3656 97.619
127 851 98.7342
2317 1001 98.8235
3426 3584 100
3426 2352 98.3607
2496 322 97.7273
2496 103 98.8506
3605 2897 97.3451
3578 434 98.8235
3578 1076 97.619
3578 3656 97.619
251 438 97.0588
251 2512 97.0588
1764 108 97.7778
682 3785 97.619
1791 772 98.2456
1155 1193 97.619
1155 1737 97.561
1422 443 100
1422 2548 100
1422 2640 97.619
1422 12 97.619
1422 3837 100
1422 2494 97.619
1422 2492 97.619
1422 102 97.619
1422 3249 97.619
1422 3758 98.7952
1422 3098 98.7952
1422 2634 98.7952
1422 3598 97.561
1422 995 97.561
1422 1288 97.561
1422 3329 97.561
1422 3181 97.561
443 2548 100
443 2640 97.619
443 12 97.619
443 3837 100
443 2494 97.619
443 2492 97.619
443 102 97.619
443 3249 97.619
443 3758 98.7952
443 3098 98.7952
443 2634 98.7952
443 3598 97.561
443 995 97.561
443 1288 97.561
443 3329 97.561
443 3181 97.561
3770 589 100
2661 583 97.0874
2661 3852 97.0874
519 3368 97.7273
519 959 97.7273
519 1504 98.8506
2169 1442 98.1132
1041 3198 97.561
2150 2617 97.6744
2150 3204 97.6744
1074 3099 97.561
2994 2830 97.2222
103 1335 97.619
1185 2997 97.619
1185 3699 97.619
1185 1954 98.7952
1185 1152 97.561
76 3588 97.4359
385 867 97.6744
2603 2103 98.7952
3712 1737 97.5
3712 2307 97.5
3712 1935 97.5
3712 1304 97.5
3712 2125 97.4359
3712 2741 97.4359
2549 2342 98.7952
1440 2587 100
1440 1973 98.6301
1440 1075 98.6301
1440 1835 97.2222
194 104 97.561
3521 3374 100
3521 3305 100
3521 1440 98.6667
3521 2587 98.6667
3521 1973 97.2973
3521 1075 97.2973
3562 3752 100
3562 535 98.7952
3562 3381 98.7952
3562 3881 97.561
3562 1935 97.561
235 868 97.9592
235 2011 97.9167
3837 2494 97.619
3837 2492 97.619
3837 102 97.619
3837 3249 97.619
3837 3758 98.7952
3837 3098 98.7952
3837 2634 98.7952
3837 3598 97.561
3837 995 97.561
3837 1288 97.561
3837 3329 97.561
3837 3181 97.561
1098 3172 97.619
3803 1608 97.619
3803 3994 97.561
2694 694 97.9167
2494 2634 98.7952
2494 2714 97.561
2494 3926 97.561
2494 3181 97.561
1534 635 97.0588
1383 3381 97.561
1383 3881 98.7654
2698 1185 97.6744
2698 3699 97.6744
1567 497 98.7952
1567 107 98.7952
3249 1288 97.561
3249 3329 97.561
499 1346 97.6744
499 663 97.6744
499 4 98.8235
3204 766 98.7952
3242 2015 97.561
3242 3192 97.561
2311 2072 97.561
2311 2781 97.561
2311 1314 97.561
2311 535 97.561
2311 1935 98.7654
1368 3974 97.561
3725 1573 97.5
2616 1216 98.0392
2616 859 97.0297
2616 3288 97.0297
1887 3674 100
1887 3743 100
1346 663 100
1346 1060 98.8235
1346 4 98.8235
1346 1335 97.619
805 3507 97.561
805 130 97.5
2072 2227 97.5
3181 391 97.4359
571 805 97.619
3276 3417 97.619
3276 3277 97.619
30 269 97.5
3357 554 98.1818
2248 697 98.2456
1139 1297 97.6378
1562 2233 97.8261
1562 2474 97.8261
1562 2217 98.9011
1562 1348 98.9011
1562 3916 98.9011
3726 700 97.7273
3726 2667 98.8506
3726 1155 97.6744
3726 2630 97.6744
2617 3204 100
2617 766 98.7952
1508 1391 98.0392
1508 1307 97.0297
2103 2736 97.561
2103 2570 97.561
107 2793 97.561
107 2570 97.561
2325 1161 98
2325 1728 98.9899
2325 2312 97.9592
2325 1270 97.9592
2254 2502 97.561
2254 1152 98.7654
36 172 98.4615
36 3064 98.4615
117 2855 98
117 787 98
117 486 98
117 751 98.9899
117 3546 97.9592
3444 2963 98.0769
3444 205 97.0874
3444 1216 98.0392
1284 763 97.5
3082 2022 97.5
1973 1075 97.2222
1973 371 97.2222
1973 38 97.2222
1973 1042 97.2222
1973 1835 98.5915
1973 3633 97.1429
1314 535 97.561
1314 2771 98.7654
2423 2964 97.9167
205 3097 97.0297
205 1216 97.0297
2822 1797 97.561
3032 510 97.561
814 525 99.0991
3507 130 97.5
3098 2634 97.561
3098 3598 98.7654
3098 995 98.7654
3098 1288 98.7654
3098 3329 98.7654
3098 3181 98.7654
2557 1522 97.5
339 1906 98.7952
1448 3210 98.3871
3459 904 97.5
227 3608 97.5
2634 3181 98.7654
416 545 97.479
416 2949 98.3051
1076 3656 97.561
1076 2598 98.7654
1076 3660 98.7654
1076 712 97.5
1076 2357 97.5
2185 406 97.9167
2070 3364 97.7273
2070 2514 97.7273
2070 463 98.8506
2070 3257 98.8506
2070 1422 97.6744
2070 443 97.6744
2070 2548 97.6744
2070 3837 97.6744
2070 2492 97.6744
1952 549 97.5
1952 3356 97.5
843 3000 98.4127
2997 3699 97.619
2997 1954 98.7952
292 2184 97.5
292 1484 97.4359
292 2137 97.4359
292 3692 97.4359
412 866 97.1963
412 2917 98.1132
412 325 97.1429
3139 2482 97.561
2652 3127 97.4359
2598 3660 100
2598 2357 98.7342
2598 2888 97.4359
380 527 98.3051
3099 370 97.4359
881 2995 97.3913
881 1904 97.3451
1163 1815 98.7342
1024 1409 100
3381 3881 98.7654
2378 2015 97.5
2378 3192 97.5
2378 3788 97.4359
1737 104 97.5
1737 2125 97.4359
1737 2741 97.4359
3598 3589 97.5
3598 995 100
3598 1288 97.5
3598 3329 97.5
3598 1976 97.5
3598 3181 97.5
3598 3491 97.4359
3598 3521 97.4359
3598 3374 97.4359
3598 3305 97.4359
271 887 98.1818
680 1354 97.6744
680 3562 98.8235
680 3752 98.8235
680 535 97.619
680 3381 97.619
3926 127 97.5
3926 3402 97.4359
3926 2708 97.4359
3589 995 97.5
3589 1976 100
3589 3132 97.5
3589 3491 97.4359
3589 3521 97.4359
3589 3374 97.4359
3589 3305 97.4359
995 1288 97.5
995 3329 97.5
995 1976 97.5
995 3181 97.5
995 3491 97.4359
995 3521 97.4359
995 3374 97.4359
995 3305 97.4359
1732 2461 97.2222
1732 2336 97.2222
2841 1945 98.1481
2841 3531 99.0654
2841 1635 97.1963
3660 2357 98.7342
3660 2888 97.4359
1442 2268 98.0392
333 1200 100
333 111 97.0874
1288 3329 100
1288 3132 97.5
1288 3181 97.5
1288 3491 97.4359
1288 3521 97.4359
1288 3374 97.4359
1288 3305 97.4359
1288 391 97.4359
317 185 98.8506
317 3800 98.8506
317 707 97.6744
317 2640 97.6744
317 2494 97.6744
2535 3464 97.2222
2535 1959 98.5915
858 370 97.4359
3076 1354 98.8506
3076 186 97.6744
3017 1997 98.8506
3017 1136 98.8506
1935 1304 97.5
1935 2125 97.4359
3044 2746 97.1429
1335 3782 98.7654
1335 3595 97.5
253 846 97.5
2015 3192 100
2015 549 98.7342
2015 3356 98.7342
3329 3132 97.5
3329 3181 97.5
3329 3491 97.4359
3329 3521 97.4359
3329 3374 97.4359
3329 3305 97.4359
3329 391 97.4359
1311 621 98.7342
2184 1484 97.4359
2184 2137 97.4359
2184 3202 97.4359
2184 1972 97.4359
2184 3692 97.4359
1075 3633 97.1429
3132 3491 97.4359
3132 3521 97.4359
3132 3374 97.4359
3132 3305 97.4359
3974 2978 98.7342
1756 2220 97.2973
3914 2899 100
587 338 97.619
587 1952 98.7952
587 2015 97.561
587 3192 97.561
1696 1444 97.0874
1696 3070 98.0392
2100 2800 97.4359
795 3202 97.4359
795 1972 97.4359
2084 171 97.4359
3192 549 98.7342
3192 3356 98.7342
2083 2421 97.0588
3653 1105 98.7013
1435 2890 98.5915
3836 571 97.7273
1479 1602 97.7778
1479 571 97.7273
2486 1534 97.1429
2486 635 97.0588
3595 3788 98.7013
1377 3404 98.3607
1377 3602 98.3333
1377 3034 97.479
1377 3290 97.479
1377 3457 97.479
1559 3929 100
3916 1190 97.7273
2807 92 98.1818
2807 1445 98.1818
2807 2192 98.1818
2293 2856 97.0588
3402 2708 100
102 3249 100
102 1288 97.561
102 3329 97.561
2320 1275 99.0476
2320 1038 97.1429
2320 1283 97.1429
2320 283 98.0769
2320 328 98.0769
2320 3108 97.0874
2320 2319 97.0874
440 1098 97.7273
1549 1778 98.3333
1522 2264 98.7013
413 749 98.1818
413 2244 100
413 2323 97.1963
413 1144 97.1963
3258 725 97.0588
3789 3557 98.7013
1432 429 100
1432 1479 98.9011
1432 1602 98.9011
1432 455 97.7778
1432 3233 97.7778
2514 788 97.7273
2514 1719 98.8506
2514 1422 97.6744
2514 443 97.6744
2514 2548 97.6744
2514 2640 97.6744
2514 3837 97.6744
2514 2494 97.6744
891 2617 97.6744
891 2443 97.6744
891 3204 97.6744
3109 267 98.5915
3109 1605 97.1429
3109 837 97.1429
1001 3699 97.619
1001 1304 97.561
3523 3438 97.619
1166 1019 97.0588
1959 1210 97.0588
3742 2746 97.0588
2259 217 98.5075
41 2235 97.9592
41 694 98.9691
1772 3376 98.5294
1772 2730 97.0149
1772 1884 97.0149
1745 3577 98.3607
1334 1502 98.5075
1334 632 98.5075
3755 1928 100
2646 3630 97.3451
2646 1071 97.2973
1591 215 97.3684
1591 370 97.3684
1591 1596 97.2973
3809 1007 97.1429
3674 3743 100
2565 2539 98.2456
776 3790 100
3133 3095 97.4359
3133 1910 98.7013
2024 1872 98.2759
2024 2744 97.3913
3055 2716 98.1481
3055 3205 97.1429
1774 66 97.0588
1260 2193 98.7013
1260 3829 98.7013
1260 1440 97.3684
1260 2587 97.3684
12 3837 97.619
12 102 100
12 3249 100
12 1288 97.561
12 3329 97.561
2369 3742 97.1429
798 805 98.7952
798 3507 98.7952
1907 2421 97.0588
1880 1108 100
2137 3202 97.3684
2137 1972 97.3684
2137 3692 100
22 2479 100
3257 3276 97.6744
3257 2492 98.8235
3257 3417 97.619
3257 3098 97.619
1039 2228 97.3684
2148 1853 97.1963
2148 68 98.1132
2148 760 97.1429
1634 2412 98.4615
2743 3976 100
2751 1693 98.4615
2751 3064 98.4615
2751 1654 98.4615
2751 3721 98.4615
3860 1244 98.2456
3860 142 97.3451
3860 3105 97.3451
438 2512 100
1466 2775 98.5915
2575 3163 97.9167
3684 817 97.6378
1226 2663 97.561
3583 721 98.4615
1835 3633 98.5507
1835 1360 97.0588
3305 1440 98.6667
3305 2587 98.6667
3305 1973 97.2973
3305 1075 97.2973
2196 748 100
434 1076 98.7952
434 3656 98.7952
434 2598 97.561
434 3660 97.561
2791 2264 97.3684
1682 3618 98.2456
573 3754 97.0149
2295 1096 98.4615
2295 685 98.4615
77 1345 97.3451
1186 3034 99.1453
1186 3457 99.1453
1186 1924 97.3913
3404 3602 98.3333
3404 1319 97.479
3404 3290 97.479
1637 3783 99.4709
3994 2200 98.7342
3994 1484 97.4359
3994 2137 97.4359
3994 3692 97.4359
3994 370 97.4359
2885 3720 97.6
667 733 100
207 2537 100
1316 664 98.0392
3029 284 100
351 2775 97.2222
2389 2165 98.4127
2389 3344 98.4127
2389 3426 98.4127
2389 3584 98.4127
171 3933 98.6667
1064 2180 100
2173 2987 97.8261
1605 837 100
1605 2803 98.5075
1605 2295 98.5075
2714 3926 97.5
2714 127 97.5
2714 391 97.4359
3661 3201 100
185 3800 100
185 1719 97.6744
185 707 98.8235
185 2640 98.8235
185 2494 98.8235
185 2634 97.619
533 1971 97.9021
533 3261 97.1831
533 3066 97.1831
533 1639 97.1831
2890 1502 97.0588
2890 2751 97.0588
3376 355 97.7444
1019 865 98.4615
1019 2389 98.4615
623 500 97.4359
2980 3150 98.9899
31 587 97.6744
3277 3656 97.561
3277 712 97.5
2168 126 97.561
2168 1383 97.561
2736 2570 97.561
2736 3381 97.561
1627 1808 97.4359
1627 3484 97.3684
518 2096 97.3684
1654 3721 100
545 2949 97.4359
545 3874 98.2759
545 3160 97.3913
545 2505 97.3913
2924 2605 98.3607
2924 2016 98.3607
3053 22 98.5075
3053 2479 98.5075
963 3033 97.6303
3320 269 97.4359
2327 2524 97.5
2327 1843 97.4359
163 3423 97.2973
1290 3452 98.2456
3508 1315 97.8261
3508 1638 97.7778
3508 1937 97.7778
3241 3901 98.5075
1023 3060 97.8102
1023 1629 97.0588
3065 2217 97.7778
3065 1348 97.7778
3065 3916 97.7778
3065 1190 97.7273
1956 502 100
3606 2179 100
2352 2258 98.3051
2352 3816 98.3051
134 3321 97.2222
830 2277 98.5075
2277 865 98.4615
2277 2389 98.4615
3386 933 97.4359
3800 1719 97.6744
3800 707 98.8235
3800 2640 98.8235
3800 2494 98.8235
3800 2634 97.619
334 1079 97.8261
2691 1911 97.2477
2691 3189 99.0826
2691 101 98.1481
2691 145 98.1481
2691 1283 97.1963
554 2019 98.1132
3881 1737 97.5
3881 1935 97.5
3881 2125 97.4359
415 2033 98.8764
2772 2644 97.2222
2772 1697 97.2222
2096 373 98.6667
2096 2599 98.6667
3205 1058 97.0297
3205 1216 97.0297
854 3926 97.561
3752 535 98.7952
3752 3381 98.7952
3752 3881 97.561
3752 1935 97.561
1395 2986 100
1395 3218 98.4615
286 2991 99.2126
837 2803 98.5075
837 2295 98.5075
3194 2734 98.3607
976 2056 98.2456
2085 1161 98
2085 3163 97.9592
2990 4 97.619
2990 2378 97.561
633 968 98.1132
1742 1845 98.5507
28 907 97.7273
3494 3185 97.4359
1137 3081 98.6301
1137 2471 97.2222
2192 3287 98.1132
2192 3854 98.1132
2192 1805 98.1132
136 1534 98.5915
2354 3140 97.561
2019 1452 98.0392
3128 3798 97.9167
1502 1693 98.4615
1502 1654 98.4615
1502 3721 98.4615
1962 169 98.3607
3920 1074 98.8235
3920 2557 97.619
1215 3598 97.561
1215 995 97.561
133 3061 100
674 174 100
1526 3482 98.8764
1526 463 97.7273
1526 3257 97.7273
1526 2345 97.7273
1526 3578 97.7273
3342 2311 98.7952
3342 3712 97.561
3342 2307 97.561
3342 1935 97.561
3342 1304 97.561
985 2377 100
2094 375 97.3684
2094 2196 97.3684
2094 748 97.3684
3203 507 97.8723
3203 3903 98.9247
3203 1562 98.9247
3203 2474 98.9247
3203 2217 97.8261
3203 1348 97.8261
3203 3916 97.8261
2446 1280 97.3684
89 3462 97.561
2307 1935 97.5
2307 1304 97.5
2307 2741 97.4359
894 1489 97.5
3251 593 100
2804 1838 98.8764
2804 226 97.7273
2804 2345 97.7273
2804 3578 97.7273
1181 2070 97.7273
1181 3364 100
1181 2514 100
1181 788 97.7273
1181 1719 98.8506
1181 1422 97.6744
1181 443 97.6744
1181 2548 97.6744
1181 2640 97.6744
1181 3837 97.6744
1181 2494 97.6744
3399 3669 98.1132
3399 2356 99.0476
3399 1209 97.1429
3399 2435 97.1429
3399 3652 98.0769
3399 131 97.0874
3399 2650 97.0874
1529 1163 98.7654
1529 860 97.5
1529 1815 97.5
3886 2699 98.1818
559 3541 97.8102
559 3759 97.0588
325 1759 97.0297
325 2980 97.0297
2682 1739 98.3051
2682 3831 98.3051
3784 3794 100
2675 3624 97.0874
565 1239 97.8261
565 2496 97.7778
565 3613 97.7778
2161 1345 97.2973
2161 3694 97.2477
2679 1724 97.6744
2165 3344 100
2165 3426 100
2165 3584 100
2165 2352 98.3607
55 2704 98.8764
3382 1062 98.1132
3382 3694 98.1132
3382 643 97.1429
3382 111 97.0874
3382 3097 97.0874
2273 3382 98.1132
2273 1062 100
2273 3694 98.1132
2273 2010 98.1132
2273 643 97.1429
2273 111 97.0874
3161 143 98.5507
3161 3053 98.5507
3161 22 97.0588
3161 2479 97.0588
2052 496 97.8261
943 2038 97.2603
1129 1402 98.4127
2238 3123 98.9691
2238 361 98.9691
2238 1250 98.9691
2238 1178 97.9167
2238 1870 97.9167
2238 3827 97.9167
2238 2077 97.9167
2780 278 97.6744
3889 2552 97.9592
2299 3476 97.4359
2492 3098 98.7952
2492 3598 97.561
2492 3589 97.561
2492 995 97.561
2492 1288 97.561
2492 3329 97.561
2492 1976 97.561
2492 3132 97.561
2492 3181 97.561
135 3779 98.1132
3601 3815 100
1244 3630 97.3451
731 1050 100
2949 1259 97.3913
2949 2505 98.2456
2949 3004 98.2456
2547 2704 97.7273
2547 1441 98.8506
2547 731 97.6744
2547 1050 97.6744
190 2734 98.3607
3517 2214 97.0588
2408 1633 98.1132
2408 1449 97.1429
2408 2785 97.1429
2408 1696 97.1429
2408 1444 98.0769
2408 3070 97.0874
1813 726 98.6667
704 2730 97.7099
3633 1360 98.5075
306 669 100
306 739 97.8261
306 69 97.8261
306 1432 97.8261
306 429 97.8261
306 2804 98.9011
306 1838 97.7778
1415 1454 98.4127
1415 3925 98.4127
1090 1522 98.7342
1090 2264 97.4359
2199 1220 97.561
549 3356 100
3876 1536 97.3451
3876 213 99.115
3876 3055 97.2973
3876 2716 97.2973
3876 715 97.2973
3659 3114 97.4359
707 2640 97.619
707 12 97.619
707 2494 97.619
707 102 97.619
707 3249 97.619
707 2714 97.561
707 3926 97.561
707 127 97.561
3064 1264 98.4127
3064 113 98.4127
1982 3551 97.9592
3110 2922 98.2456
3464 1959 98.5915
2355 2145 97.1963
3230 43 98.5507
1012 1423 99.0826
1012 3730 97.2477
1193 1737 97.561
3699 1954 98.7952
3699 2307 97.561
1481 1657 97.2222
2590 1206 98.4127
2590 759 97.6
2076 279 98.1818
1819 1817 100
710 2607 97.9167
1937 2936 97.7273
1937 3076 97.7273
1937 680 98.8506
1937 1354 98.8506
1937 3562 97.6744
1937 3752 97.6744
314 554 98.1818
1423 866 97.1963
1423 2538 97.1429
1423 48 97.1429
1599 3843 97.2222
1599 1334 97.1429
451 3751 98.2456
451 1992 98.2456
3778 2890 97.2222
3778 2139 97.2222
2288 528 97.6744
70 1190 97.7273
1747 3812 98.5075
3965 1759 97.0297
1719 1422 98.8235
1719 443 98.8235
1719 2548 98.8235
1719 2640 98.8235
1719 3837 98.8235
1719 2494 98.8235
1719 3758 97.619
1719 3098 97.619
1719 2634 97.619
96 417 98.2456
104 3565 97.4359
2461 2890 97.1429
2461 2336 97.1429
2461 1019 97.0588
2461 2277 97.0588
3484 3969 97.2973
3484 3587 98.6301
527 3934 98.2456
2147 2557 97.619
1038 283 97.0874
1038 3528 99.0291
1038 3652 97.0874
1038 821 99.0291
1038 1664 98.0392
1038 131 98.0392
1038 3851 97.0297
1038 566 97.0297
1038 2238 97.0297
172 2810 98.4127
1554 239 100
2678 3564 97.2973
321 2279 98.5075
2539 252 97.2973
2539 2450 98.1818
2539 2020 98.1818
2539 2114 97.2477
1464 2636 98.5075
3682 1440 97.2973
3682 2587 97.2973
3682 1973 98.6301
3682 38 98.6301
3682 1835 97.2222
611 434 97.619
611 3277 98.7952
611 3656 98.7952
3509 1117 97.9592
3509 2078 100
3509 2374 97.9167
1152 2184 97.5
1152 3202 97.4359
1152 1972 97.4359
1693 1654 100
1693 3721 100
2802 1604 97.1831
2978 356 97.3684
760 1782 97.0297
760 2905 97.0297
760 1643 98
169 1554 98.3051
169 239 98.3051
2847 2182 97.7778
683 1547 98.5507
3758 3098 97.561
3758 2634 97.561
3758 3598 98.7654
3758 995 98.7654
431 3079 98.3333
2392 1765 97.5
1283 283 97.0874
1283 328 99.0291
1283 3108 98.0392
1283 2319 98.0392
1283 2423 97.0297
1283 1307 97.0297
3501 636 99.0476
228 2339 98.1132
3344 3426 100
3344 3584 100
3344 2352 98.3607
1176 520 98.8764
2285 2402 98.6667
2258 2807 98.2456
1149 340 98.3871
973 3983 97.1429
3978 146 97.1429
1621 3816 98.3051
338 2015 97.561
338 3192 97.561
1393 10 98.4127
3584 2352 98.3607
2475 3540 98.1818
2475 3559 97.2477
632 1693 98.4615
632 1654 98.4615
632 3721 98.4615
1484 2137 100
1484 3202 97.3684
1484 1972 97.3684
1484 3692 100
497 107 97.561
497 2793 97.561
497 2570 97.561
1579 3106 98.7654
1579 2357 97.5
3202 1972 100
3202 3692 97.3684
2543 3613 98.8764
186 3166 97.561
3513 1477 98.8506
3513 3291 97.6744
3973 2507 97.4359
2986 3218 98.4615
2269 1497 100
2810 1112 98.3607
2810 2016 98.3607
1187 2136 97.2222
1187 3464 97.2222
2191 1348 97.7778
2191 3916 97.7778
375 2196 100
375 748 100
2732 2605 98.3607
2732 2123 98.3607
2080 3207 100
3189 936 97.1963
3189 1551 97.1963
3189 101 99.0654
3189 145 99.0654
3189 1283 98.1132
3189 328 97.1429
2621 2803 97.0588
1512 1481 97.2973
3730 2538 97.1429
2624 1484 97.4359
2624 2137 97.4359
2624 3692 97.4359
267 1605 98.5507
267 837 98.5507
267 2803 97.0588
267 2295 97.0588
1237 3523 97.7273
3594 467 98.4615
158 267 97.1429
158 957 98.5507
1267 481 98.2143
1267 3055 98.1818
2961 177 97.0588
743 1400 97.0149
391 1732 98.6667
700 1155 97.6744
1589 3410 97.561
3946 1880 97.0588
3946 1108 97.0588
1728 2312 98.9691
1728 507 97.9167
3456 1210 97.0588
2692 1301 97.9167
3260 1580 97.4359
1371 2929 99.5951
3728 3456 100
3728 1210 97.0588
3491 3521 100
3491 3374 100
3491 3305 100
3491 1440 98.6667
3491 2587 98.6667
3491 1973 97.2973
3491 1075 97.2973
3127 408 97.3684
2018 456 100
909 2380 98
909 2372 100
2546 1429 98.4127
189 890 97.1429
3287 1805 100
2462 3565 97.3684
3571 1010 97.0149
917 1483 97.7273
2540 964 98.8506
2540 12 97.6744
2540 102 97.6744
2540 3249 97.6744
3081 2471 98.5915
1972 3692 97.3684
197 3339 98.5915
2415 3321 98.5915
2415 878 97.1429
1477 3291 98.8235
2559 1631 97.3684
2792 2460 97.2222
38 1042 97.2222
1486 3445 98.8764
1486 317 98.8764
1486 185 97.7273
1486 3800 97.7273
3843 1334 97.1429
2734 2141 98.3051
371 38 97.2222
371 1042 100
1612 626 98.7952
3969 2315 97.2222
2860 1173 97.9866
2860 2086 97.9592
2956 1638 98.8764
2956 1937 98.8764
2956 2936 98.8764
2956 680 97.7273
2956 1354 97.7273
2956 1274 97.7273
1424 2233 97.8261
1424 2936 97.7778
3588 1910 97.3684
3588 1187 97.2973
3588 2535 97.2973
3588 3464 97.2973
261 1088 100
261 780 98.6486
261 1710 97.2973
261 439 97.9592
261 184 97.9592
3321 2277 97.0588
964 12 98.8235
964 102 98.8235
964 3249 98.8235
2587 1973 98.6301
2587 1075 98.6301
2587 1835 97.2222
788 317 97.7273
788 185 98.8506
788 3800 98.8506
788 1719 98.8506
788 707 97.6744
788 1422 97.6744
788 443 97.6744
788 2548 97.6744
788 2640 97.6744
788 12 97.6744
788 3837 97.6744
788 2494 97.6744
788 102 97.6744
788 3249 97.6744
2411 2461 97.2222
2411 2890 97.2222
2599 158 97.2222
2599 267 97.2222
3505 2400 98.8764
3505 499 97.7273
3505 1346 97.7273
3505 663 97.7273
1882 3241 100
1882 3901 98.5075
800 913 98.7013
800 2096 98.7013
800 373 97.3684
800 2599 97.3684
2765 2293 97.2222
3874 3160 99.115
3874 2505 97.3451
3874 3540 97.2973
3874 1715 97.2973
2190 292 97.561
1649 236 98.6301
2758 517 97.7778
143 3053 100
143 22 98.5075
143 2479 98.5075
3255 2420 100
2741 3014 98.6667
1632 2010 97.1963
1632 2815 97.1963
1060 2990 97.619
1060 4 97.619
1060 3782 97.561
1060 2378 97.561
1060 2015 97.561
1060 3192 97.561
3417 3758 97.561
3417 3098 97.561
3417 3598 98.7654
3417 995 98.7654
712 2357 97.4359
712 3176 97.3684
712 3682 97.3684
2227 134 97.3684
356 1599 98.6301
2090 1047 97.2973
1894 1695 97.2222
2730 2885 98.4375
373 3474 97.2973
373 2599 100
373 158 97.2222
373 267 97.2222
1932 842 97.6744
701 1511 100
620 3662 97.561
2243 1102 97.3684
3829 1973 97.2973
1910 1187 97.2973
3374 3305 100
3374 1440 98.6667
3374 2587 98.6667
3374 1973 97.2973
3374 1075 97.2973
1838 226 98.8506
1838 611 97.6744
2920 3419 97.619
2920 3213 97.619
215 1596 97.2973
1689 3569 97.6744
414 224 97.8947
414 2297 97.8947
2771 3166 97.5
3217 1269 97.9592
860 3405 97.4359
3565 2228 98.6667
2125 2741 97.3684
2141 2807 98.2456
3957 1018 97.619
1600 2977 100
3270 2966 100
913 518 97.3684
913 2096 97.3684
2022 726 97.3684
3816 3330 98.2456
2193 3829 100
2193 1973 97.2973
1084 738 98.2456
1843 2715 97.2973
2357 2888 98.7013
2357 3176 97.3684
738 142 98.2143
3095 1910 98.7013
402 2124 97.4359
1372 2079 97.7778
3729 3726 97.7778
3729 700 97.7778
2667 2630 98.8235
2667 2168 97.619
2667 2254 97.619
2667 1383 97.619
310 148 100
310 1750 100
1280 3093 97.2477
3637 2407 97.8723
851 1732 97.3684
851 2411 97.3684
2217 2191 97.7778
2217 1348 100
2217 3916 100
2217 1190 97.7273
594 2017 97.4359
1984 3 100
902 3095 97.4359
902 3588 98.7013
1079 3648 97.7778
1509 785 97.7778
400 2101 99.2481
3951 1439 97.7778
669 739 97.8261
669 69 97.8261
669 1432 97.8261
669 429 97.8261
669 2804 98.9011
669 1838 97.7778
1778 732 98.2759
1778 2742 97.3913
3481 2753 98.9011
3481 700 97.7778
1263 142 97.3451
92 3854 98.1132
2449 395 97.7778
1340 261 98.6667
1340 1088 98.6667
1340 780 98.6486
1727 3903 97.8261
1727 1562 97.8261
3092 952 97.8261
3092 3766 98.9011
3092 455 97.7778
3092 3233 97.7778
3092 108 97.7778
874 2128 100
108 798 97.6744
2465 3937 97.8261
790 1045 98.9011
113 1621 98.3607
2470 3481 100
2470 2753 98.9011
2470 700 97.7778
2609 2408 97.1963
2609 1633 99.0654
2609 2785 98.1132
2609 1444 97.1429
2609 1550 97.1429
252 2450 97.2477
252 2020 99.0826
252 2114 98.1481
252 855 97.1963
156 2367 97.8261
156 293 97.8261
2374 1486 97.8261
1441 731 98.8235
1441 1050 98.8235
3798 2465 98.9247
3798 1887 97.8261
3798 3674 97.8261
3798 2638 97.8261
3798 3743 97.8261
2003 1045 97.8261
3826 2053 100
1469 306 98.9247
1469 669 98.9247
1469 69 98.9247
1469 1432 98.9247
1469 429 98.9247
1469 1479 97.8261
1469 1602 97.8261
1469 2804 97.8261
2234 55 97.8261
2077 3590 97.8261
2077 3655 97.8261
507 3903 98.9247
507 1562 98.9247
507 2217 97.8261
507 2191 97.8261
507 1348 97.8261
507 3916 97.8261
895 3325 97.8261
3827 2077 97.8723
1870 3827 97.8723
1870 2077 97.8723
1870 3590 97.8261
1870 3655 97.8261
761 3605 97.3913
761 1672 98.2456
761 3413 97.3451
3102 1469 97.8723
3102 1479 97.8261
3639 823 97.8723
1876 2837 97.8261
607 370 97.3684
607 1327 98.6667
2964 739 98.9247
2964 2804 97.8261
1855 941 97.1963
60 3092 98.9247
60 2367 97.8261
60 293 97.8261
60 3766 97.8261
2340 1807 97.8261
617 3505 97.8261
1922 3798 97.8723
1922 2465 98.9247
3295 1861 97.8261
3894 536 97.8723
3894 3102 97.8723
3894 1469 100
3894 306 98.9247
3894 669 98.9247
3894 69 98.9247
3894 1432 98.9247
3894 429 98.9247
3894 1479 97.8261
3894 1602 97.8261
3894 2804 97.8261
2785 1444 97.0874
2785 1550 99.0291
2785 787 98.0392
2785 486 98.0392
2785 311 97.0297
2785 751 97.0297
2508 3208 97.8723
890 321 97.0588
3247 2173 97.8723
2138 1127 98
3254 2508 97.8723
3254 3951 98.9247
1270 690 97.8723
1270 1315 97.8723
1270 2233 97.8723
679 3169 97.8723
2897 3178 98.1818
2312 1270 97.9167
2312 690 97.8723
2312 2233 97.8723
686 493 98.9474
2176 3169 97.8723
1250 1178 98.9474
1250 1870 98.9474
1250 3827 98.9474
1250 2077 98.9474
1754 3537 97.6
361 1250 100
361 1178 98.9474
361 1870 98.9474
361 3827 98.9474
361 2077 98.9474
3688 459 97.3451
3688 413 98.2143
3688 2244 98.2143
1883 1113 97.8723
1912 3729 97.8723
1912 2758 97.8723
3021 2596 97.931
1035 60 98.9474
1035 3092 97.8723
201 686 97.9167
201 493 98.9474
3528 3652 98.0392
3528 821 98.0392
3528 1664 97.0297
3528 131 99.0099
3528 3851 98
3528 566 98
3528 2238 98
3693 2470 97.8723
3693 3481 97.8723
3303 2581 97.3684
946 2176 100
946 3169 97.8723
783 946 97.9167
783 2176 97.9167
168 3892 100
3495 3888 98.9691
781 2241 100
1890 2860 99.3377
1890 1173 97.3333
1890 2086 97.2973
3123 361 100
3123 1250 100
3123 1178 98.9474
3123 1870 98.9474
3123 3827 98.9474
3123 2077 98.9474
1168 111 97.0297
1168 3097 97.0297
1168 3621 97.0297
1168 2510 98
3525 1120 97.8723
1307 3851 97.9592
1307 566 97.9592
1307 201 98.9691
1307 536 97.9167
1307 493 97.9167
3546 3894 98.9474
3546 3102 98.9474
3546 1469 98.9474
3546 306 97.8723
3546 669 97.8723
3546 69 97.8723
3546 1432 97.8723
3546 429 97.8723
1328 817 98.4127
1328 755 98.4127
1328 1149 98.4127
1328 2260 98.3871
511 1916 98.9474
585 1803 100
694 2312 97.9167
344 1912 97.9167
344 3729 97.8723
1667 3847 97.9167
1667 156 98.9474
1313 2142 97.9167
3288 2403 97.9592
3288 1728 97.9592
3288 507 97.9167
3604 1475 98.9691
3108 2855 98
3108 2319 100
3108 1307 98.9899
3108 201 97.9592
751 3894 97.9167
751 1469 97.9167
1643 3047 97.9167
868 2011 97.9167
3591 617 97.9167
3591 3162 97.9167
3851 566 100
3851 2438 98.9691
3851 493 97.9167
1633 2785 99.0476
1633 1444 98.0769
1633 1550 98.0769
1633 787 97.0874
1633 486 97.0874
2527 3128 100
2527 3798 97.9167
309 720 97.1831
309 15 97.1429
1136 245 97.619
1136 1335 97.619
3493 41 97.9592
3493 2235 97.9592
2078 2374 97.9167
1949 3047 97.9167
3474 2599 97.2973
3474 2621 97.2222
1117 2078 97.9592
1117 168 98.9691
1117 3892 98.9691
1117 1178 97.9167
978 3994 97.5
978 2184 97.5
978 795 97.5
978 1484 97.4359
978 2137 97.4359
978 3202 97.4359
978 1972 97.4359
978 3692 97.4359
3335 1971 97.1429
3335 3066 97.8417
3335 1584 97.0588
2626 2703 97.9167
2027 2692 100
2027 1301 97.9167
2029 2027 97.9592
2029 2692 97.9592
2029 1301 97.9167
2622 2703 97.9167
691 2328 100
2931 2407 97.9167
3897 41 97.9592
3897 1728 97.9592
3897 694 98.9691
3897 2312 98.9691
1842 2863 98.9691
2793 2570 97.561
2793 104 98.7654
436 3509 100
436 1117 97.9592
436 2078 100
436 2374 97.9167
1225 1859 97.9167
3443 3593 97.5207
536 1469 97.8723
536 306 98.9247
536 669 98.9247
536 2804 97.8261
2893 1716 97.9167
2319 1307 98.9899
2319 201 97.9592
101 145 100
101 1508 97.1429
101 1275 97.1429
101 1283 97.1429
101 328 98.0769
101 1391 97.0874
101 3952 97.0874
101 3108 97.0874
101 117 97.0874
101 2855 97.0874
101 787 97.0874
101 2319 97.0874
1161 1728 98.9899
1161 3163 97.9592
1161 2312 97.9592
486 751 98.9899
787 486 98
787 751 98.9899
1896 769 98.5714
3070 1035 97.9592
3070 3847 97.9592
852 2651 98.1481
1264 113 100
1264 1621 98.3607
3621 1224 98.9899
1153 168 97.9592
1153 3892 97.9592
2855 2319 98
2855 3546 97.9592
210 2142 97.9592
1319 3290 98.2759
1319 3266 99.1304
293 108 98.8764
2650 1153 98
2650 436 98.9899
2650 3509 98.9899
2650 1117 98.9899
2650 2078 98.9899
2650 168 97.9592
2650 3892 97.9592
111 3097 98
3577 3384 98.3051
1220 3341 98.3051
3537 1021 98.3607
1180 679 97.9592
2289 2564 97.7099
867 3569 97.6744
867 3977 97.619
3224 331 97.9592
2380 2372 98
162 971 98.6111
740 1667 97.9592
1849 3487 97.2477
131 2238 98.9899
131 3123 97.9592
131 361 97.9592
131 1250 97.9592
131 2438 97.9592
2349 2923 98.2759
3126 664 98
3952 117 100
3952 2855 98
3952 787 98
3952 486 98
3952 751 98.9899
3952 3546 97.9592
3587 812 97.1429
1230 783 97.9592
3822 1032 97.9592
1604 2981 97.1429
1391 3952 98
1391 117 98
1391 2855 98
1391 3546 97.9592
1664 131 98
1664 2438 97.9592
555 480 98.5714
821 1664 99.0099
821 131 99.0099
821 2238 98
727 2027 98
727 2692 98
2945 1980 97.5207
1958 2622 98
1550 3952 97.0297
1550 117 97.0297
1550 787 99.0099
1550 486 99.0099
1550 311 98
1550 751 98
2640 3837 97.619
2640 2494 100
2640 2634 98.7952
2640 2714 97.561
2640 3926 97.561
2640 3181 97.561
283 328 98.0392
283 1664 97.0297
283 3108 99.0099
283 2855 97.0297
283 2319 99.0099
283 1307 98
283 3851 98
283 566 98
1392 2945 99.2
1392 1021 97.561
1392 2597 97.561
287 2027 98
287 2692 98
148 1750 100
2505 3399 97.2477
2505 3669 97.2477
1396 1415 97.6378
1396 1454 99.2126
1396 3925 99.2126
514 50 97.5207
514 3956 98.3333
2871 2235 98
3801 1579 98.7952
3801 2598 97.561
3801 3106 97.561
3801 3660 97.561
1444 3070 97.0297
1444 311 98
119 2914 97.0297
1573 902 97.4359
1573 373 97.3684
1573 2599 97.3684
3930 210 97.0297
1712 2865 98.4127
564 86 97.0297
583 3852 98.0392
583 1782 97.0297
1378 3989 97.0297
1378 2325 97.0297
1378 859 98
2088 1958 98.0392
1953 3006 98.0392
844 1528 98.1481
941 2538 97.0874
3340 2650 98.0392
3340 1153 98.0392
3340 1225 97.0297
3340 436 97.0297
3340 3509 97.0297
3340 1117 97.0297
3340 2078 97.0297
2435 1038 98.0769
2435 3528 99.0291
2435 3652 99.0291
2435 821 97.0874
2435 131 98.0392
2435 3851 97.0297
2435 566 97.0297
2435 2238 97.0297
411 3528 97.0874
411 2458 97.0297
411 3851 97.0297
411 566 97.0297
855 41 97.0297
2099 3205 97.0874
2099 205 97.0874
2099 1216 98.0392
1666 205 97.0874
3000 2497 98.3607
3000 3577 98.3607
643 760 97.0874
643 3495 97.0297
643 3591 97.0297
1730 3316 98.0392
1730 541 97.0297
1051 2510 97.0297
2711 75 97.1429
354 436 97.0297
354 3509 97.0297
354 2078 97.0297
354 869 97.0297
2425 2407 97.9167
68 1949 97.0297
421 2359 97.0874
989 2085 98.0392
989 2527 97.0297
989 3128 97.0297
2963 2099 98.0769
2963 205 97.0874
2963 1216 98.0392
2917 325 97.0874
2917 2658 97.0874
2917 1759 98.0392
2917 3150 97.0297
1796 1144 98.0769
3566 808 97.6744
1209 3340 98.0769
1209 2650 98.0392
1209 436 97.0297
1209 3509 97.0297
1209 1117 97.0297
1209 2078 97.0297
3427 2273 97.1963
3427 3382 97.1963
3427 1062 97.1963
3427 3694 97.1963
2356 1209 98.0769
2356 3652 97.0874
2356 2650 98.0392
2356 436 97.0297
2356 3509 97.0297
2356 1117 97.0297
2356 2078 97.0297
1449 1696 100
1449 1444 97.0874
1449 3070 98.0392
2814 1666 98.0769
2323 710 97.0297
1528 713 98.0769
1528 3108 97.0874
1528 2319 97.0874
866 2917 97.1429
866 1759 97.0874
2815 1051 99.0476
3268 68 97.1429
3669 2356 97.1429
3669 1038 97.1429
3669 821 98.0769
3669 1664 97.0874
3669 131 97.0874
2114 1796 97.1429
2114 989 97.1429
2114 1144 97.1429
3557 1340 97.3684
3557 261 97.3684
3557 1088 97.3684
3557 1173 98.0132
3557 780 97.3333
1200 111 97.0874
1635 2658 98.0769
2744 2181 98.2143
2744 2172 97.2973
2744 2691 97.2973
2744 1911 98.1818
2744 3189 98.1818
2744 936 97.2477
2744 101 97.2477
2744 145 97.2477
2744 2320 97.2477
2010 1168 98.0769
2010 111 97.0874
762 2042 97.7778
3119 1875 98.3051
3119 3605 97.4359
2502 1152 98.7654
145 1508 97.1429
145 1275 97.1429
145 1283 97.1429
145 328 98.0769
145 1391 97.0874
145 3952 97.0874
145 3108 97.0874
145 117 97.0874
145 2855 97.0874
145 787 97.0874
145 2319 97.0874
2753 54 97.7778
2753 700 98.8764
396 2914 97.0874
2614 1054 100
2614 1174 98.3607
3694 643 99.0476
3694 111 97.0874
3419 3213 97.561
1062 3694 98.1132
1062 2010 98.1132
1062 643 97.1429
1062 111 97.0874
1853 68 97.1429
1853 643 97.1429
1853 583 98.0769
1853 1782 97.0874
1551 101 98.1132
1551 145 98.1132
1551 1391 97.0874
1551 3952 97.0874
1551 117 97.0874
1551 2855 97.0874
1551 787 97.0874
936 101 98.1132
936 145 98.1132
936 2320 98.1132
936 1275 99.0476
936 1283 97.1429
936 283 98.0769
936 328 98.0769
936 3108 97.0874
936 2855 97.0874
936 2319 97.0874
1343 583 97.1429
1343 3852 97.1429
1343 2376 97.1429
715 2934 98.1132
715 1378 97.1429
2020 2114 99.0654
2020 328 97.1429
2483 2616 98.1132
359 2202 99.2
2716 3531 97.1963
2716 2934 98.1132
2716 1378 97.1429
1945 3531 99.0654
1911 3189 98.1481
1911 936 97.1963
1911 101 97.1963
1911 145 97.1963
1911 2320 97.1963
1911 1283 98.1132
1911 328 97.1429
663 1060 98.8235
663 4 98.8235
663 1335 97.619
3020 2571 98.1481
3020 2794 99.0654
3020 2320 97.1963
3020 2435 98.1132
3020 1038 98.1132
3020 283 97.1429
3020 3528 97.1429
3020 3652 97.1429
3020 821 97.1429
2615 3115 97.9757
2615 3518 99.187
258 3382 97.1963
2450 2020 98.1481
2450 2114 99.0654
2450 1796 98.1132
2450 1144 98.1132
2761 2450 98.1481
2761 2114 97.1963
2761 989 98.1132
2761 1144 98.1132
1715 3340 98.1132
1071 583 97.1429
1071 3852 97.1429
3283 2369 98.6301
3283 444 97.2222
926 3382 97.1963
926 3444 98.1132
926 2814 98.1132
926 2963 98.1132
926 1666 98.1132
926 205 97.1429
3599 885 97.1963
1806 2373 97.1429
697 3492 97.2973
1538 157 98.5507
1538 632 97.0588
3895 1463 98.1132
3540 1715 98.1481
3540 3559 97.1963
3540 1209 98.1132
3540 3340 98.1132
2570 3381 97.561
213 2716 98.1818
213 715 98.1818
1345 1730 97.1963
221 3234 97.2477
2244 2323 97.1963
2244 1144 97.1963
3353 1345 97.3451
1455 643 97.1963
652 3020 99.0826
652 2571 97.2477
652 2794 98.1481
652 2435 97.1963
652 1038 97.1963
114 616 98.1818
3106 2888 97.4359
749 2244 98.1818
749 2450 97.2477
749 2323 97.1963
749 1796 97.1963
749 1144 97.1963
2172 2691 98.1818
2172 1911 97.2477
2172 2609 97.2477
2172 3189 99.0826
2172 101 98.1481
2172 145 98.1481
2172 2785 97.1963
2172 1283 97.1963
1056 3695 97.4026
1056 3222 97.3684
1056 889 97.3684
3413 2609 97.2477
3413 1633 98.1481
3413 2785 97.1963
2304 3830 100
1575 3670 100
466 2079 97.1014
3004 652 97.2973
3004 3399 97.2477
3004 2794 97.2477
3004 3669 97.2477
481 3055 98.1818
3105 413 97.2973
3105 2244 97.2973
1143 1575 99.0991
1143 3670 99.0991
1046 3178 98.1818
2181 2172 97.2973
2181 2691 99.0991
2181 1911 98.1818
2181 3189 98.1818
2181 101 97.2477
2181 145 97.2477
954 3296 97.2973
954 3597 97.2477
142 3105 98.2143
1723 2320 97.2477
3618 525 97.2973
538 3004 98.2143
538 652 97.2973
538 3669 97.2477
538 2320 97.2477
3160 2505 98.2143
3160 3399 97.2477
1506 538 98.2143
1506 3004 98.2143
1506 3669 97.2477
1536 1267 98.2143
1536 481 98.2143
1536 3055 98.1818
1536 866 97.2477
3754 301 98.4615
459 413 97.2973
459 749 99.0991
459 2244 97.2973
3630 1143 98.2143
3630 1575 99.0991
3630 3670 99.0991
2271 489 97.2973
3033 1559 99.0385
3033 3929 99.0385
676 3522 98.2143
676 489 97.2973
2825 741 97.7099
468 1455 98.2143
329 3341 97.479
2686 468 97.3913
2995 2841 97.2973
3176 3682 97.2973
3176 371 98.6301
3176 38 98.6301
3176 1042 98.6301
819 757 100
1802 2501 97.3451
1872 2744 99.115
1872 2181 97.3451
1872 2172 98.2143
1872 1911 97.2973
1872 3189 97.2973
566 2438 98.9691
566 493 97.9167
2923 2271 98.2456
2923 489 97.2973
1938 1872 98.2456
1938 2744 99.115
1938 2181 97.3451
1938 1911 97.2973
1938 3189 97.2973
3775 3630 99.115
3775 1143 99.115
3775 1575 98.2143
3775 3670 98.2143
3775 87 97.2973
1259 538 97.3451
1259 2505 97.3451
1259 3004 97.3451
1259 652 98.2143
1259 3020 97.2973
732 738 97.3451
732 2742 97.3451
544 834 97.3913
3375 954 98.2456
2266 3701 98.3051
2266 1739 98.3051
2266 3831 98.3051
1875 3605 99.1304
2007 77 98.2759
2007 1345 97.3451
2344 3607 97.3913
2344 1244 97.3913
1235 3094 100
1235 2525 100
3290 3266 99.1304
3290 3413 97.3451
933 3522 97.3451
2926 3688 99.1304
2926 413 97.3451
2926 2244 97.3451
3034 3457 100
3034 1924 98.2456
320 1281 97.3913
320 1904 97.3451
1588 1046 98.2456
3986 2111 100
1763 1428 97.3913
1344 1392 97.6744
3701 1739 98.2759
3701 3831 98.2759
345 213 97.3913
1454 3925 100
2563 3236 97.8102
1980 881 97.4359
1980 2995 98.2759
1553 2344 97.4359
1553 2742 97.3913
1553 142 97.3913
3602 3034 97.4359
3602 3290 97.4359
3602 3457 97.4359
3602 1924 97.3913
2739 3367 97.3913
1101 3451 97.4359
1101 2625 97.3913
3272 1186 98.3051
3272 3034 97.4359
3272 3457 97.4359
1054 1174 98.3607
3282 1166 98.5915
925 345 97.479
925 3876 97.4359
1614 1434 98.3333
505 2908 97.5207
504 1938 97.4359
504 1872 97.4359
298 2836 97.6562
2655 345 97.479
2655 1412 98.3051
240 2931 97.0297
2597 881 98.3051
2597 320 98.3051
2571 936 97.1963
2571 2794 97.1963
2571 2320 97.1963
2571 283 97.1429
214 2024 99.1597
214 1938 97.4359
214 1872 97.4359
1184 3403 100
3541 3759 97.7778
2407 1276 97.8261
50 3956 97.479
3378 1503 97.1429
1021 2597 98.3333
3531 855 97.1429
3531 2325 97.0874
3531 1161 97.0874
1174 3119 98.3333
1068 3206 98.3333
311 60 97.9167
2668 1220 99.1736
2668 3341 97.479
3414 1588 97.479
2481 3629 98.7342
124 1319 97.479
124 3290 97.479
3012 2799 98.3333
759 1542 98.3333
759 2565 97.479
3338 2908 97.5207
3338 545 98.3333
1133 3332 98.3333
2109 214 99.1736
2109 504 97.5207
2109 2024 98.3333
2910 3341 97.479
3985 449 97.479
98 2177 99.187
1297 505 97.561
1297 3338 99.187
1297 545 97.5207
2367 293 100
2367 108 98.8764
10 1549 97.561
10 1553 97.5207
3732 1687 97.561
1514 1377 97.6
1206 759 99.187
1206 1542 97.5207
2662 1542 98.3333
305 345 97.5207
1275 1283 98.0769
1275 283 99.0291
1275 328 99.0291
1275 3108 98.0392
1275 2319 98.0392
1275 2423 97.0297
1275 1307 97.0297
1275 3851 97.0297
1275 566 97.0297
3632 2835 98.4615
2202 3659 97.5207
1659 2256 97.6
3833 1448 100
3833 3210 98.3871
2863 1079 97.8723
2863 1764 97.8723
506 2230 97.2973
755 1149 98.4127
755 10 97.6
2091 3190 97.6
2091 3867 97.561
817 3720 97.6
1660 2685 98.3871
324 557 98.4127
494 2075 98.4375
1333 2778 97.6378
2658 2980 97.0297
2658 3150 98
301 263 97.6
2031 2864 98.4127
3075 759 97.6
1053 301 98.4375
1053 263 97.6
153 661 97.6744
153 1333 97.6744
483 3075 97.6744
1010 1396 97.6744
1884 3720 97.6378
1357 661 99.2248
467 2573 97.6378
1587 1349 99.2248
2472 1333 97.6744
254 2043 97.8723
254 2330 98.5714
2117 52 97.6744
82 1328 98.4375
82 817 98.4375
3739 1652 98.1685
1382 2289 100
1382 2564 97.7099
2630 2168 98.7952
2630 1383 98.7952
2630 3881 97.561
2630 1737 97.561
273 1587 97.0149
872 3449 100
3060 1629 97.7444
1833 3594 98.4848
3610 760 97.1429
1253 1390 99.2481
3015 3376 97.0149
1717 2040 98.5075
1717 1903 97.7444
29 1344 97.0149
3094 2525 100
1898 355 98.5075
3014 3230 97.2222
657 1382 98.5075
657 2289 98.5075
2545 573 97.0588
2545 3754 97.0149
1445 2192 100
1445 3287 98.1132
1445 3854 98.1132
1445 1805 98.1132
3802 3015 97.7778
3318 3802 97.8102
3318 3015 97.0588
3547 3145 98.5294
2577 1007 97.1429
2577 3543 97.0874
220 2870 97.2973
3066 2396 97.1014
3066 1639 97.1014
1048 1587 97.0149
542 400 97.0588
542 3754 97.7778
542 2101 97.7778
2330 3318 97.1014
2330 3015 97.0588
2330 704 97.7778
1709 2472 97.0149
3269 1084 97.4359
3269 738 97.3913
912 1048 97.1014
2929 1914 97.1193
572 2825 97.7778
572 741 97.0149
3261 3066 97.1014
3261 1639 98.5507
1971 3066 99.2806
1971 3834 97.1014
739 2804 98.9011
739 1838 97.7778
3096 3335 97.1429
3096 2396 97.8417
3096 1584 97.0588
720 3261 97.8417
720 15 97.1014
720 355 97.0588
2043 2330 99.2806
2043 3318 97.8417
2043 704 97.0588
2038 572 97.1429
2341 2417 97.8723
2341 410 97.1014
949 1048 98.5714
3526 949 97.1831
3526 912 97.1429
3526 1048 98.5714
2541 1586 97.8723
184 1048 97.8723
2281 21 97.2222
2281 3802 97.1429
3751 1992 100
1394 254 97.2222
1710 439 99.3103
1710 184 99.3103
1710 1048 97.1831
839 3862 99.3103
3137 1419 97.2973
780 574 97.2222
780 2043 97.9021
780 2330 97.1831
780 1048 97.1831
3345 3234 98.1818
988 1544 98.6111
3530 2191 98.9011
1173 2086 97.2603
1173 574 97.931
650 2417 97.2222
224 2297 97.8947
224 2291 97.2973
2581 533 97.2973
3445 788 97.7273
3445 317 100
3445 185 98.8506
3445 3800 98.8506
3445 707 97.6744
3445 2640 97.6744
3445 2494 97.6744
1088 780 98.6486
1088 1710 97.2973
1088 439 97.9592
1088 184 97.9592
865 2389 100
865 2165 98.4127
865 3344 98.4127
865 3426 98.4127
865 3584 98.4127
3222 889 97.3333
3222 2596 97.2603
3868 3924 97.3333
2913 1338 97.2973
2303 1069 98.6667
1300 2057 97.3684
3940 3924 98.6667
