1279 725 4
1697 1973 4
3230 1973 4
2193 1973 4
1973 3305 2
1973 1288 4
1973 1440 3
408 2196 4
2022 726 2
1511 1379 4
3305 1440 3
3305 3176 4
701 1511 2
701 3565 3
3588 1484 1
1484 2184 4
1511 3565 3
264 1511 3
1813 2285 1
2017 2264 4
2928 3305 4
2928 1815 4
1852 2928 3
3305 1288 4
3305 102 4
3305 1260 3
3565 3788 2
3565 130 4
1522 3788 4
1076 130 4
456 860 4
2018 860 4
860 3511 4
1522 2017 3
2557 1522 4
30 269 4
402 2124 2
1815 1163 3
1852 1815 3
1579 1815 4
1815 798 4
3082 2022 4
2227 1288 4
104 2502 4
104 1076 4
2392 702 4
1090 3782 3
1852 1163 4
1288 102 2
3249 1288 2
1288 788 4
1852 1579 4
1976 2570 4
3106 1076 4
3106 1529 4
245 1335 4
245 1997 4
571 805 4
805 1479 4
2345 1076 4
1076 3656 4
1346 1335 4
1335 1997 4
2793 1529 3
3242 1529 4
1529 2345 3
2570 2736 4
2534 2793 2
3758 3837 3
1719 3758 2
1579 107 3
1237 729 4
1354 1314 2
1579 1826 4
1954 3656 2
3523 2392 4
1237 3438 4
3578 3656 4
3977 528 3
776 3790 0
3424 776 4
3424 3790 4
3249 102 2
102 788 2
3029 102 4
339 2146 3
571 434 4
434 69 4
443 3837 4
1074 2147 4
520 1567 2
2162 3699 4
2318 3752 3
2494 2640 4
2150 2617 4
2876 3578 4
3249 788 4
1477 3291 1
3513 3291 4
1719 3837 3
3837 788 4
456 2018 2
456 3511 4
571 1479 4
571 3766 2
1136 3680 3
2496 1136 4
1477 1613 4
2987 1689 2
1719 1181 3
322 1997 4
3017 1997 1
2179 3209 1
2179 3606 2
2337 2767 4
3209 3606 3
680 907 4
680 1190 4
1190 2804 3
1483 917 4
3569 2163 4
349 3569 3
139 3877 4
322 3017 3
3888 49 4
108 3092 4
959 517 1
3892 788 4
1181 3364 2
2070 3482 4
2560 3960 4
2936 690 4
3076 195 4
1469 293 3
2052 496 2
1176 1887 3
1176 3674 1
1176 3743 3
1348 2217 2
1887 3674 2
1887 3743 2
3674 3743 2
853 420 3
306 69 4
69 429 2
1469 69 3
284 3029 4
306 669 4
1469 429 3
1120 3525 3
1140 3169 1
783 1140 4
946 1140 3
2176 1140 3
1727 3903 4
2465 3092 1
783 3169 3
946 3169 2
2176 3169 2
3169 1180 4
1444 60 4
3871 773 3
1916 1421 4
1876 2173 1
1922 3894 4
3568 3740 4
2893 1716 2
821 1870 4
464 204 3
204 2866 1
464 2866 2
3070 3847 2
168 2650 2
1236 331 4
331 3224 3
361 3123 4
361 1038 4
1803 585 2
585 3747 3
1728 694 3
3897 694 1
2241 781 2
783 946 2
783 2176 2
783 1230 2
783 1180 3
946 2176 0
1230 946 3
1250 3892 1
3604 1475 1
1803 3747 1
1230 2176 3
3931 2189 4
3123 1038 4
3892 1153 4
1728 3897 4
2692 2027 2
287 2027 4
2692 287 2
3993 3930 3
3509 436 4
1389 498 4
2235 3493 4
1740 1146 4
1153 3340 4
1230 1180 4
1236 3224 3
1574 2675 4
3669 1664 3
2914 2380 4
874 2128 2
1633 1444 2
2745 97 1
1195 3274 2
3004 1038 4
101 2785 4
3274 3669 4
3340 1715 4
333 1200 2
2651 852 2
138 736 3
138 3909 2
3909 736 3
2114 2450 3
1343 3105 3
1467 2365 1
1911 2181 4
2509 175 4
413 2244 2
413 3688 2
2007 1345 3
3353 1345 3
2244 3688 4
3570 1536 3
738 142 2
3457 1924 4
2304 3830 0
880 3618 3
1672 1100 4
2744 1938 1
3004 1938 4
1428 3876 3
2302 1428 1
3985 1938 4
2302 3876 4
2349 2923 2
2007 3353 1
418 1412 4
1739 2266 4
2682 1739 2
1186 3272 2
1186 3925 4
3272 1415 4
3925 3272 4
514 1170 3
263 1542 2
1133 3332 2
2908 1297 3
1687 2199 3
1660 2685 2
3432 1324 1
3159 1328 4
3159 3170 2
3159 82 4
750 2988 3
81 1854 2
1454 1415 4
3925 1415 2
1454 3925 2
733 667 4
1328 82 4
3170 82 3
3533 3252 1
573 1393 4
1349 1587 3
2075 2835 4
2835 3632 2
1833 3594 2
1789 1492 4
3762 3310 2
2040 1717 2
1356 3804 1
1382 2289 2
1023 1629 4
2087 1228 4
872 3449 4
3145 3547 4
949 1048 2
3526 1048 2
1048 1710 4
2330 780 4
471 2802 3
949 3526 3
3526 1710 3
971 162 2
1544 988 4
3862 839 3
312 3157 3
780 261 4
780 1088 4
261 1710 4
1069 2870 4
1069 2303 4
261 1088 2
998 261 4
261 3557 4
998 1088 4
1088 3557 4
1674 384 3
2255 3940 2
998 3557 2
2872 1653 4
1653 3663 3
516 3902 1
626 1612 4
2858 2054 2
628 2858 4
2197 2906 4
539 3264 0
628 2054 4
575 3336 2
2213 3515 4
3731 3515 4
414 2297 3
789 2556 3
2213 3731 4
1559 3929 2
2697 1914 1
3518 2615 4
336 2174 2
2929 1371 3
3576 1126 2
3807 1891 4
752 3807 3
752 2236 3
752 3938 4
2261 752 4
646 174 3
646 674 3
1443 775 2
2309 775 4
3938 1182 4
2261 1182 3
2220 3938 4
730 1841 4
1443 2261 4
2309 1443 2
174 674 4
174 3009 4
637 929 4
930 1194 4
1557 930 4
3120 1194 3
3391 1691 4
3872 3009 4
884 1841 4
884 2220 4
884 257 4
3872 2220 4
5 2220 4
3440 3120 4
3442 1756 4
1756 3872 3
3243 1557 4
3921 2206 3
1398 1494 3
1398 2058 4
3440 1398 4
1398 3662 4
1398 257 4
1398 2009 4
2216 1398 4
1494 2058 4
620 1494 3
2009 1494 2
2262 2058 4
2568 2058 4
2216 2058 4
2058 2416 4
5 2262 4
2009 2262 4
3440 3662 4
3462 862 3
620 257 4
257 1563 4
620 1563 4
620 2009 3
2257 620 3
620 3668 4
2257 1563 3
2135 2287 2
2216 3716 4
88 1724 3
3698 1724 4
2042 2206 4
1773 2647 4
862 997 4
1773 862 4
862 2042 3
2201 862 4
1029 862 3
997 2042 3
1029 997 3
2106 997 4
1014 2042 4
3953 1014 4
3551 1457 4
1773 3551 4
1029 2042 4
454 2042 3
3839 2679 4
277 3716 4
1600 2977 2
2451 1600 4
3716 53 4
762 1242 2
762 3551 4
3810 762 2
1024 1409 0
1024 3657 4
3810 1242 4
1409 3657 4
369 3556 4
469 3657 4
3135 3657 4
2049 1029 4
3118 2451 2
57 2428 4
584 1678 4
584 3551 4
1430 584 4
1269 2428 4
3698 1630 4
1678 3551 4
968 1678 4
1678 532 4
1353 1678 3
1452 1915 4
2930 2347 4
2612 2069 2
2588 2752 4
2752 3259 4
1207 2808 4
2106 2833 3
2886 3679 4
2886 1982 4
2280 3319 4
1430 3337 4
1485 3337 4
2666 3337 4
3217 3551 4
554 3551 3
314 3551 4
212 3900 1
1207 3259 4
1452 1982 2
1982 532 4
2049 2358 1
2049 2404 1
2106 981 4
2358 2404 1
3784 3794 0
2183 3769 3
2654 532 4
744 532 4
887 532 4
532 2258 4
987 1401 4
2339 3750 4
228 2339 3
2339 3200 4
1966 2639 4
3024 2639 4
2654 92 4
1966 2660 4
3631 2660 4
228 3750 4
3750 3141 4
3750 3200 4
92 461 4
1568 92 4
3429 92 4
92 113 4
228 3200 2
228 2754 2
448 2666 4
2743 461 3
461 3200 4
3976 461 3
1568 461 4
3429 461 4
744 554 4
554 887 4
554 3330 4
554 314 3
417 554 4
744 887 4
887 1540 3
1623 887 3
1110 3200 4
1921 3183 4
1921 2807 4
1966 3024 3
1966 3631 3
2036 3183 4
2036 3330 4
2998 2134 4
2192 1554 4
2743 3976 2
3183 2807 4
3183 3330 4
3452 3200 3
3200 2754 4
3201 3661 2
3661 209 4
343 3661 3
3439 279 3
3439 417 4
3330 1568 4
3452 3631 4
3631 3087 2
417 314 4
1623 314 4
314 2258 4
417 2960 4
1992 3751 2
2056 2831 2
2922 3886 4
3886 3384 3
128 451 2
128 2064 4
180 1703 4
180 2258 3
1576 180 3
209 343 4
343 1658 4
343 3756 4
1196 3088 4
1517 1785 4
1518 3816 3
1518 169 4
1623 1540 3
1540 2732 4
632 1540 4
1568 3429 3
1568 3426 3
1658 3756 4
687 1703 4
1879 2497 4
3816 2258 4
2258 169 4
2497 2258 4
3510 2258 4
2720 3816 3
2720 2497 4
2754 3384 4
2754 3816 4
3816 2497 3
976 3577 4
976 1264 4
976 1429 4
976 3116 4
1249 419 4
2605 2924 3
3344 1621 4
1760 1809 4
62 2485 4
2734 2398 4
558 3577 4
3000 3577 3
3577 2389 4
1820 3691 3
3 1820 4
148 1750 2
148 1984 1
2578 310 4
558 3000 3
558 3251 4
1261 2856 2
1264 2389 4
1326 1745 3
1337 1429 4
1402 1096 3
1429 62 4
1429 2546 3
1583 2996 2
1725 2215 3
1405 1745 3
1745 1746 4
1745 2398 4
1984 1750 3
1785 1405 3
1820 2578 4
3207 2080 2
3713 2286 3
2585 90 4
632 2732 4
2295 3426 3
3584 172 4
3116 2656 4
62 217 4
22 1157 4
2389 1835 4
2398 2214 3
165 2398 4
3713 1698 4
172 3721 3
172 2751 2
593 3251 2
2728 685 3
685 837 2
2215 721 4
721 3583 3
1605 1096 4
1334 1654 4
2000 3770 4
1989 2000 4
2412 3023 1
3251 1774 4
488 3612 2
3636 3616 2
1634 3721 4
2751 3721 1
22 2479 4
125 3437 4
129 177 4
2961 177 2
438 432 3
985 635 4
2377 635 4
1464 635 4
655 3542 2
985 2283 3
985 2377 2
985 3165 3
1464 985 3
147 985 3
985 1919 4
1108 1810 4
1108 1880 2
1108 3173 3
2214 444 3
2653 2214 3
2214 3517 2
165 2214 3
3165 2283 4
1464 2283 3
2283 1919 4
2377 3165 1
147 2377 3
2512 251 3
2608 2877 1
2608 3901 1
2877 3901 2
2877 2966 4
147 3165 4
3666 3901 4
2764 2891 4
26 3742 3
1747 143 4
143 2259 4
1464 147 4
1747 3081 4
3241 3748 4
3748 3946 4
3828 2842 3
1655 75 1
2711 75 2
890 3848 3
1334 1538 4
1625 300 2
1655 2711 3
275 1697 3
275 2644 3
3517 444 4
3035 1647 3
3038 1647 3
2644 1697 3
2653 1697 3
2772 1697 4
1959 2471 4
3456 1959 3
3728 1959 1
2890 2461 4
3456 2471 1
3728 2471 3
2471 1137 2
2644 2653 3
2644 3488 3
2644 2587 4
2644 2772 2
2653 3517 4
2653 2772 3
2747 2284 4
2747 1762 3
3035 3038 3
3692 3230 3
197 3339 1
3456 3728 2
3456 1137 3
165 3517 4
1649 236 1
165 2395 4
832 973 3
832 3179 4
973 3179 4
1694 2715 4
1694 1843 4
3829 2369 4
2395 3622 3
2715 1837 3
2715 1843 4
253 2715 4
3488 2587 4
1379 38 4
2402 38 4
38 2587 4
3294 2120 3
2420 3545 4
351 3069 4
491 2090 4
726 1440 4
1047 2090 4
2193 1440 4
1260 1440 4
2227 1440 3
3778 1732 4
1831 1537 4
2090 2971 4
2090 3883 4
2228 2888 4
1039 2228 4
2420 2966 2
2420 3255 4
2420 904 3
2587 2772 4
2792 3069 4
3627 2971 3
2888 3176 4
3255 2017 4
3682 2888 4
2084 171 3
858 370 2
3692 701 4
37 701 4
594 701 4
1221 3422 3
253 1837 4
1843 2327 4
3991 1843 3
2193 2928 3
2193 1260 3
1039 2888 4
2928 1163 3
3374 3589 4
3491 3521 0
2624 3692 2
623 500 2
1431 1636 3
37 594 3
2017 594 4
377 2722 1
1781 3479 1
1817 1819 4
2227 3627 4
253 846 2
253 882 3
253 3561 4
253 2495 3
846 882 4
2495 846 3
882 3561 4
854 3926 2
1311 1755 1
3410 1589 4
3172 378 4
3248 378 4
1497 2269 0
1928 3755 0
2072 3098 1
2103 434 2
2168 1638 4
3172 3248 3
3172 1098 4
3213 3419 3
3213 2920 2
3248 2693 4
2920 3419 2
3910 3277 4
3910 3083 4
133 3061 2
306 434 4
434 429 4
2495 891 3
3204 891 4
611 716 2
964 3080 4
1064 2180 2
1124 492 3
1441 3445 4
1638 1937 2
1638 2514 3
1937 2514 1
2514 2070 4
1877 3821 3
1877 1015 3
2222 2838 1
1015 3821 4
3821 1927 3
1299 28 4
28 3655 4
1807 2340 4
3655 2438 3
306 429 2
200 664 4
1015 1927 3
1934 1927 4
1946 2964 4
2423 2964 4
249 1741 1
3027 1741 4
2110 1799 3
664 1316 4
